7 16 12 8 15 14 14 6 2 17 20 7 14 1 19 14 14 14 
7 16 12 18 20 14 14 18 19 15 20 7 20 1 14 14 14 14 
7 16 11 8 15 14 19 12 15 3 13 12 20 1 14 14 4 20 
7 16 11 8 15 14 20 12 19 3 11 16 13 1 19 14 8 20 
7 16 11 6 15 14 7 8 19 17 8 7 2 1 12 14 7 17 
7 16 11 6 19 14 15 8 19 17 20 14 2 1 14 14 4 17 
7 16 11 8 10 9 17 9 19 16 14 15 14 1 14 14 4 16 
7 16 11 18 7 14 7 8 15 17 7 20 2 1 12 14 7 17 
7 16 12 8 10 14 7 7 15 14 11 7 20 1 12 14 7 20 
7 16 12 8 7 14 7 11 19 2 12 7 16 1 12 14 7 20 
7 16 11 6 10 14 15 8 15 9 20 7 20 1 12 14 14 20 
7 16 11 18 17 14 20 11 7 14 13 20 7 1 16 14 17 20 
7 16 11 18 17 14 7 11 20 14 6 20 15 1 12 14 7 20 
7 16 11 6 15 14 20 15 19 11 20 7 13 1 19 14 14 16 
7 16 11 6 7 9 15 9 19 2 20 7 16 1 19 14 14 16 
7 16 11 18 7 14 20 7 15 2 20 2 20 1 14 14 14 14 
7 16 11 18 7 14 20 7 19 2 20 2 7 1 13 14 7 14 
7 16 12 8 7 14 7 8 19 2 9 7 13 1 12 14 7 17 
7 16 12 8 19 14 17 6 19 2 14 7 13 1 14 14 4 17 
7 16 11 6 7 14 20 13 19 2 17 6 2 1 12 14 14 17 
7 16 11 6 7 14 19 13 19 2 13 6 2 1 12 14 17 17 
7 16 11 6 7 9 20 13 19 2 20 3 2 1 12 14 14 14 
7 16 11 6 7 9 20 7 19 2 20 17 2 1 13 14 14 14 
7 16 11 6 7 14 20 7 15 15 20 3 20 1 12 14 14 20 
7 16 11 6 15 14 20 8 15 15 20 2 20 1 18 14 14 20 
7 1 11 18 2 14 19 20 19 15 13 3 20 1 14 16 3 17 
7 1 11 18 15 14 19 13 19 3 14 3 2 1 14 16 3 17 
7 16 12 8 20 14 7 13 20 7 11 6 2 1 12 14 7 19 
7 16 12 8 15 2 14 13 19 17 14 6 2 1 19 14 20 19 
7 16 11 8 15 14 20 13 15 15 20 7 20 1 20 14 14 17 
7 16 11 8 15 14 15 7 13 11 20 6 2 1 19 14 14 17 
7 16 11 6 15 14 20 7 19 11 11 19 13 1 20 14 7 17 
7 16 11 6 7 14 20 13 19 2 11 7 14 1 7 14 6 17 
7 16 11 6 10 14 15 13 2 16 20 11 2 1 19 14 14 17 
7 16 11 6 17 14 15 13 2 3 20 6 2 1 12 14 14 17 
7 16 11 3 3 14 20 20 19 14 18 7 20 1 12 17 14 14 
7 16 11 18 2 14 20 20 19 9 18 6 13 1 12 17 14 14 
7 16 11 18 20 14 2 18 17 14 13 20 16 1 14 14 14 9 
7 16 11 8 10 14 2 8 17 11 13 7 16 1 6 14 14 9 
7 16 12 8 19 14 7 13 7 12 9 7 2 1 12 14 7 17 
7 15 12 20 19 14 7 13 7 12 9 7 2 1 12 14 7 17 
7 16 12 6 3 14 14 3 19 16 8 4 16 1 12 14 7 19 
7 16 12 6 7 14 19 7 19 2 11 4 16 1 12 14 6 19 
7 16 12 6 19 14 7 7 15 2 11 13 20 1 14 14 4 14 
7 16 12 6 19 14 7 7 15 2 11 20 20 1 14 14 4 14 
7 16 11 18 19 14 20 7 19 15 13 6 20 1 15 14 14 16 
7 16 11 18 20 14 20 7 15 14 13 6 20 1 18 14 14 16 
7 16 11 6 15 18 13 8 15 15 11 8 20 1 19 14 6 17 
7 16 11 6 17 2 13 7 19 14 11 6 2 1 19 14 6 17 
7 16 12 6 19 14 2 13 20 15 13 7 20 1 14 14 4 17 
7 16 12 18 15 14 15 18 17 15 20 7 2 1 19 14 14 19 
7 16 12 8 7 14 20 18 15 17 13 2 20 1 12 14 14 17 
7 16 12 8 7 14 20 18 13 2 13 12 12 1 12 14 14 17 
7 17 11 20 19 11 13 8 15 11 2 7 20 1 14 14 14 16 
7 16 11 8 19 14 13 13 19 11 20 3 14 1 14 14 14 16 
7 16 11 18 14 9 14 8 7 2 13 7 13 1 19 4 14 16 
7 16 11 18 7 9 7 8 7 2 20 8 13 1 12 17 14 16 
7 16 11 18 15 19 20 13 15 3 7 13 20 1 19 14 8 17 
7 16 11 18 7 17 13 7 19 2 11 7 14 1 7 20 6 15 
7 1 11 18 17 14 19 8 2 3 7 3 1 1 14 14 8 16 
7 1 11 18 19 14 2 8 19 2 13 3 1 1 14 14 6 16 
7 1 11 18 7 14 7 7 19 2 11 6 7 1 12 14 7 16 
7 1 11 18 7 14 12 7 19 2 11 6 7 1 12 14 3 16 
7 16 11 18 2 14 13 7 19 13 7 9 13 1 12 14 9 17 
7 16 11 18 7 14 19 20 19 2 12 7 13 1 14 14 14 16 
7 16 11 18 7 14 19 7 19 2 13 7 13 1 14 14 14 16 
7 16 11 8 20 14 17 6 2 17 9 7 20 1 14 14 4 19 
7 16 11 8 19 14 2 8 2 2 9 19 20 1 14 14 4 19 
7 16 11 6 15 14 20 13 15 11 20 14 20 1 19 14 14 16 
7 16 11 18 15 14 20 13 19 11 7 3 13 1 19 14 7 20 
7 1 11 8 20 14 7 7 19 14 13 14 13 1 17 14 7 17 
7 1 11 8 19 14 17 7 19 2 18 14 16 1 14 14 17 17 
7 1 11 8 20 14 14 3 13 2 8 4 7 1 14 14 4 7 
7 16 11 8 7 20 15 8 15 17 20 20 16 1 2 14 8 14 
7 16 11 6 2 14 19 8 12 14 11 19 20 1 14 20 4 15 
7 16 11 6 7 14 20 7 13 2 13 11 2 1 14 14 17 20 
7 16 12 18 19 14 15 6 19 2 20 7 7 1 14 14 14 20 
7 16 11 6 7 14 13 7 19 9 12 7 2 1 12 14 14 14 
7 1 12 8 19 14 20 8 20 17 20 3 16 1 14 14 15 16 
7 1 12 8 19 14 7 8 19 17 7 2 16 1 14 14 4 19 
7 16 11 18 19 14 20 8 19 2 12 11 14 1 14 14 4 17 
7 16 11 18 14 14 19 8 19 2 2 6 14 1 14 17 4 15 
7 1 11 18 19 14 13 6 15 2 11 7 20 1 14 14 4 17 
7 1 11 18 19 14 13 6 15 2 11 7 20 1 14 14 4 17 
7 16 12 8 17 14 20 8 15 14 11 7 20 1 14 14 8 16 
7 16 11 6 19 14 13 8 15 2 11 2 14 1 14 14 14 14 
7 16 11 6 19 14 13 8 15 2 11 2 14 1 14 14 14 14 
7 16 11 18 7 14 7 11 19 2 13 7 13 1 2 14 4 17 
7 16 11 18 7 14 15 13 20 2 20 7 13 1 2 14 8 17 
7 1 11 18 19 14 20 20 19 2 13 7 13 1 14 16 15 16 
7 1 11 18 19 14 20 20 19 2 13 15 13 1 14 16 15 16 
7 16 11 8 17 14 11 13 19 3 11 19 16 1 14 14 4 17 
7 16 11 18 14 14 11 13 19 2 11 15 16 1 19 14 6 17 
7 16 11 8 15 14 19 7 19 19 13 6 7 1 14 15 3 19 
7 16 11 8 19 14 19 7 12 2 13 6 7 1 11 17 3 16 
7 16 11 18 2 14 2 13 19 15 11 9 13 1 19 14 8 20 
7 16 11 18 7 14 2 13 19 2 11 9 13 1 2 14 8 20 
7 16 11 18 2 14 14 13 19 14 14 7 2 1 20 14 14 19 
7 16 11 3 15 14 14 13 19 3 20 8 2 1 20 14 14 19 
7 16 12 6 19 14 7 11 15 2 7 7 16 1 15 14 17 17 
7 16 12 6 19 14 20 6 15 2 15 7 16 1 15 14 20 17 
7 1 11 18 15 20 20 8 15 15 20 12 20 1 14 15 14 20 
7 16 11 6 15 14 19 9 2 17 13 2 17 1 14 14 14 14 
7 16 11 6 19 14 19 6 19 15 13 6 20 1 14 14 14 14 
7 1 11 18 2 14 20 8 19 14 9 6 14 1 14 14 4 17 
7 15 12 20 19 14 3 8 2 17 9 7 2 1 14 14 8 9 
7 1 11 8 7 14 7 7 15 2 11 19 14 1 7 14 7 17 
7 1 11 8 7 17 13 7 13 2 11 17 7 1 13 14 7 17 
7 16 12 6 15 14 14 7 20 20 7 11 20 1 14 14 8 16 
7 16 11 18 15 14 15 7 19 17 20 19 14 1 19 14 14 20 
7 16 11 18 10 14 15 7 19 15 20 4 14 1 19 14 14 20 
7 14 12 18 17 14 20 20 19 11 11 9 14 1 12 6 7 7 
7 16 12 8 15 14 17 14 19 15 20 9 19 1 19 6 8 7 
7 16 12 8 7 14 3 18 15 2 11 6 20 1 17 14 8 16 
7 16 12 8 7 14 3 18 19 2 11 6 13 1 12 14 7 16 
7 16 11 18 7 14 7 13 20 2 15 19 20 1 6 14 8 14 
7 16 11 18 19 14 15 13 20 15 20 19 15 1 19 14 8 14 
7 16 11 6 15 14 20 7 19 15 20 19 20 1 20 14 14 16 
7 16 11 6 15 14 20 7 19 15 20 19 20 1 20 14 14 16 
7 16 11 18 19 14 20 8 20 2 20 3 20 1 14 14 4 17 
7 16 11 8 15 20 20 8 15 15 20 19 20 1 19 14 15 17 
7 16 11 8 20 14 7 7 19 13 13 7 13 1 19 14 17 17 
7 16 12 8 7 9 20 7 15 15 2 7 19 1 12 14 14 17 
7 16 12 8 15 9 20 7 15 15 2 7 19 1 20 14 14 17 
7 18 12 18 7 14 7 13 3 9 13 6 2 1 12 14 14 14 
7 16 11 18 19 14 20 7 19 2 20 2 2 1 14 14 14 16 
7 16 11 6 20 14 20 8 19 17 13 7 17 1 14 14 14 14 
7 16 11 6 17 14 20 7 19 3 18 9 14 1 14 14 14 14 
7 16 11 18 17 20 20 7 15 14 9 12 20 1 14 19 7 7 
7 16 11 18 20 14 15 7 15 14 20 12 20 1 14 7 14 13 
7 16 12 18 15 14 20 8 15 15 14 7 20 1 19 14 14 17 
7 16 12 18 15 14 20 8 13 7 11 8 7 1 12 17 14 16 
7 16 12 8 20 14 3 20 19 7 20 9 13 1 7 14 4 17 
7 16 12 8 7 14 3 7 19 17 9 15 16 1 4 14 4 17 
7 16 11 18 17 14 13 13 15 3 7 15 20 1 14 14 6 17 
7 16 11 18 19 14 20 7 19 17 13 7 2 1 14 14 14 14 
7 16 11 18 19 14 20 7 19 15 13 7 20 1 14 14 14 14 
7 16 11 18 19 14 2 8 19 2 20 19 2 1 14 14 15 17 
7 16 11 18 19 14 2 8 17 17 20 6 2 1 14 14 15 17 
7 16 11 18 7 9 20 8 19 2 13 9 13 1 12 14 14 16 
7 16 11 18 7 9 20 8 19 2 13 19 13 1 12 14 14 16 
7 16 12 8 15 14 15 7 19 2 18 6 2 1 19 14 8 20 
7 16 11 8 15 14 20 7 19 14 18 6 2 1 20 14 8 20 
7 16 12 6 17 14 3 8 15 13 18 13 13 1 12 14 14 20 
7 16 12 6 17 14 3 8 15 13 18 17 20 1 12 14 14 20 
7 1 11 6 15 14 20 7 20 3 20 7 2 1 18 14 14 17 
7 1 11 6 3 14 16 7 2 16 20 20 2 1 17 14 14 17 
7 16 12 18 10 14 20 6 19 9 20 7 14 1 12 14 14 20 
7 16 12 18 10 14 15 6 19 7 20 19 7 1 12 14 14 20 
7 16 11 6 19 14 15 6 19 15 20 7 20 1 14 14 14 16 
7 16 11 18 19 14 13 8 19 11 12 20 2 1 14 14 14 16 
7 16 12 18 19 14 7 7 15 15 7 6 20 1 14 14 4 16 
7 16 12 18 20 14 20 7 15 14 13 7 20 1 15 14 14 16 
7 16 11 8 15 14 20 2 15 15 18 4 2 1 19 14 14 14 
7 16 11 8 15 14 19 6 15 15 13 4 2 1 19 14 14 14 
7 16 11 6 7 14 9 8 19 2 11 7 13 1 12 14 7 17 
7 16 11 6 15 14 20 8 15 15 11 7 20 1 20 14 7 17 
7 1 11 18 15 14 7 8 15 7 13 7 20 1 12 14 14 14 
7 1 11 18 19 20 20 2 15 2 14 7 20 1 14 14 16 17 
7 16 11 18 7 20 7 8 15 2 13 19 20 1 7 14 4 17 
7 16 11 18 7 14 7 7 19 2 13 7 2 1 7 14 4 17 
7 16 11 6 2 14 9 8 13 7 20 11 12 1 2 14 8 17 
7 16 11 6 14 14 14 8 12 15 15 11 20 1 19 14 19 17 
7 16 11 18 15 14 19 7 7 15 13 7 7 1 19 14 14 20 
7 16 11 18 15 14 19 8 15 15 13 7 20 1 19 14 14 20 
7 16 12 18 15 14 20 7 19 7 2 7 2 1 20 15 14 13 
7 16 12 18 15 14 20 7 19 15 2 7 2 1 20 19 14 7 
7 16 11 6 7 14 2 8 19 2 7 17 2 1 14 14 8 17 
7 16 11 6 15 14 20 8 19 14 11 17 2 1 20 14 14 17 
7 16 11 18 15 14 7 7 20 3 13 7 2 1 19 16 14 14 
7 16 12 18 10 14 7 13 20 7 7 4 2 1 7 14 7 20 
7 16 12 18 15 14 19 7 15 17 20 12 20 1 17 17 14 17 
7 16 12 18 10 14 15 15 15 7 20 19 20 1 19 19 14 9 
7 16 11 8 7 14 13 13 19 2 13 7 16 1 14 14 4 17 
7 16 11 18 17 14 3 18 3 3 13 7 16 1 14 7 8 13 
7 16 11 18 2 14 19 18 3 14 18 14 16 1 14 14 14 20 
7 16 11 18 7 14 20 9 19 2 20 7 13 1 14 14 14 17 
7 16 11 18 7 14 20 9 19 2 20 7 7 1 14 14 14 17 
7 16 11 6 19 14 15 8 19 2 9 11 15 1 14 19 4 7 
7 16 12 8 7 14 20 13 19 2 20 9 13 1 12 14 14 17 
7 16 12 8 10 14 20 13 13 7 20 15 2 1 12 14 14 17 
7 16 11 18 15 14 20 8 19 14 11 8 2 1 20 14 6 17 
7 16 11 6 15 14 20 8 2 14 11 8 13 1 20 14 6 17 
7 16 11 18 7 14 7 8 19 2 2 15 13 1 14 14 8 20 
7 16 12 18 15 14 20 8 19 14 11 2 16 1 20 14 8 20 
7 16 11 18 15 14 15 6 19 16 20 20 1 1 19 14 14 20 
7 16 11 18 17 14 15 15 19 14 20 20 1 1 20 14 14 20 
7 16 11 18 7 14 2 14 11 2 7 19 7 1 9 14 7 9 
7 16 11 18 15 14 3 18 12 3 2 7 2 1 19 14 8 9 
7 16 11 18 19 14 19 8 19 2 13 12 14 1 14 14 17 17 
7 16 11 6 17 14 20 6 19 3 13 3 13 1 14 14 17 14 
7 16 11 6 17 14 20 18 19 3 13 2 13 1 14 14 17 14 
7 16 11 6 10 14 8 11 19 7 7 7 16 1 12 14 7 17 
7 16 11 18 7 14 8 11 19 2 7 7 16 1 12 14 7 17 
7 16 11 18 20 18 15 7 15 15 20 7 19 1 18 14 14 17 
7 16 11 18 20 14 17 8 15 17 14 7 19 1 14 14 4 17 
7 16 11 6 7 14 15 18 19 2 20 7 14 1 12 14 14 17 
7 16 11 18 7 14 2 7 15 2 13 14 20 1 12 14 3 17 
7 16 12 18 15 14 20 8 11 12 13 9 7 1 20 14 14 14 
7 16 11 18 20 9 20 8 19 17 20 7 2 1 14 14 14 17 
7 16 11 18 20 19 14 7 19 2 20 2 2 1 14 14 14 17 
7 16 11 8 15 14 20 6 2 15 7 12 20 1 19 14 8 20 
7 16 11 8 15 14 19 7 19 15 20 7 20 1 19 14 15 20 
7 16 11 18 7 14 7 8 7 2 12 7 2 1 12 14 7 17 
7 16 11 18 7 14 7 13 15 2 17 7 20 1 12 14 3 17 
7 16 11 18 15 10 20 14 19 17 13 20 17 1 19 14 14 14 
7 16 11 18 15 14 20 14 2 17 13 7 17 1 19 14 14 14 
7 1 11 18 10 14 13 7 19 11 11 4 14 1 12 14 7 16 
7 1 11 18 15 14 20 9 19 17 11 4 17 1 19 14 6 16 
7 1 11 6 3 14 14 8 19 14 20 2 20 1 20 14 14 20 
7 1 11 6 10 14 7 8 19 17 13 2 16 1 14 7 3 13 
7 16 12 18 19 14 19 6 7 2 17 20 7 1 14 14 8 16 
7 16 12 18 19 14 19 6 7 2 7 2 7 1 14 14 8 16 
7 16 11 18 15 14 20 8 19 17 20 7 2 1 14 14 14 20 
7 16 11 6 15 14 19 7 19 3 13 7 2 1 14 14 14 14 
7 16 11 18 20 14 20 7 3 17 13 7 17 1 14 14 14 14 
7 16 11 18 15 14 19 7 3 15 13 7 20 1 14 14 14 14 
7 17 11 20 15 14 20 15 15 11 13 7 20 1 19 7 14 11 
7 17 11 20 15 14 20 8 2 11 13 9 9 1 19 14 14 14 
7 16 11 8 20 14 7 7 15 7 20 7 20 1 12 14 14 19 
7 16 11 8 19 14 17 7 15 15 20 7 20 1 14 14 14 19 
7 1 11 6 17 14 3 13 19 3 20 2 2 1 14 12 14 2 
7 1 11 6 10 14 3 13 3 7 20 14 2 1 6 12 14 2 
7 16 11 8 7 20 7 7 15 2 11 2 20 1 14 14 4 20 
7 16 11 8 2 20 20 13 15 20 11 2 20 1 14 14 4 20 
7 16 11 18 19 14 7 7 15 2 13 19 2 1 14 14 14 14 
7 16 11 18 19 14 13 8 15 2 11 20 2 1 14 14 14 14 
7 1 11 18 17 14 13 9 19 14 11 2 14 1 14 14 6 17 
7 1 11 18 19 18 13 9 15 15 11 19 20 1 14 14 4 17 
7 16 12 6 10 14 13 6 1 11 9 2 2 1 19 16 15 17 
7 16 12 6 15 14 13 7 1 17 9 2 2 1 14 16 20 17 
7 16 11 18 19 14 13 7 19 11 20 7 2 1 15 14 6 17 
7 16 12 8 17 14 20 13 19 17 20 6 16 1 12 14 15 2 
7 16 12 8 17 14 20 13 19 3 11 6 16 1 14 14 4 2 
7 16 12 8 15 14 20 13 19 17 7 6 2 1 19 14 6 14 
7 16 12 8 17 14 20 13 19 17 7 6 2 1 14 14 8 14 
7 16 11 18 15 14 20 13 19 15 20 7 20 1 19 14 14 17 
7 16 11 18 15 14 20 20 19 7 8 19 13 1 13 14 7 17 
7 16 12 8 15 14 20 13 15 15 20 2 20 1 19 16 15 16 
7 1 12 18 17 14 3 16 19 3 11 20 14 1 17 14 8 20 
7 1 12 18 19 14 7 4 19 2 11 15 15 1 14 14 8 20 
7 16 12 8 20 14 7 8 15 9 7 2 20 1 12 14 7 16 
7 16 12 8 10 14 3 8 19 7 7 4 2 1 7 14 8 16 
7 16 12 18 19 14 7 13 19 2 13 15 2 1 14 14 4 17 
7 16 12 18 19 14 7 13 19 2 13 7 14 1 14 14 4 17 
7 16 11 6 19 14 13 18 19 2 11 20 2 1 14 14 14 16 
7 16 11 6 19 14 13 18 19 17 11 20 2 1 14 14 14 16 
7 1 11 6 17 14 20 8 13 3 9 8 3 1 3 14 8 17 
7 1 11 6 17 14 20 8 13 3 7 8 3 1 3 14 6 17 
7 16 11 18 7 14 20 8 19 2 20 7 2 1 14 14 14 20 
7 16 11 18 17 14 20 8 19 3 20 7 2 1 14 14 14 20 
7 16 12 6 15 14 20 7 20 14 13 19 2 1 19 7 14 11 
7 16 12 18 19 14 20 8 19 2 13 7 15 1 14 14 14 16 
7 1 11 18 7 14 7 8 15 2 11 7 20 1 12 4 4 7 
7 1 11 18 7 14 7 8 19 2 11 7 14 1 12 4 4 7 
7 16 11 18 15 14 15 8 15 15 13 6 20 1 19 14 14 14 
7 16 11 18 19 14 15 7 19 15 20 6 19 1 14 14 14 14 
7 16 11 8 7 14 7 6 19 2 9 19 2 1 12 14 7 16 
7 16 11 8 7 14 7 6 19 2 9 19 2 1 12 14 7 16 
7 16 11 18 17 14 7 6 19 3 20 7 13 1 12 14 14 16 
7 16 11 18 4 14 7 7 19 17 20 19 16 1 12 14 14 16 
7 16 12 6 19 14 20 7 20 17 13 8 16 1 14 14 15 14 
7 16 12 6 19 14 20 20 19 17 11 7 16 1 14 14 6 10 
7 1 12 8 15 14 20 18 19 14 20 6 2 1 20 14 14 16 
7 1 12 8 17 14 20 18 19 3 18 6 2 1 14 14 14 16 
7 16 11 6 17 14 13 8 19 2 11 7 1 1 14 14 4 17 
7 16 11 6 17 14 13 8 19 2 11 19 1 1 14 14 4 17 
7 16 11 6 20 9 7 8 13 11 11 6 12 1 12 14 7 17 
7 16 11 6 20 9 7 8 2 9 4 6 2 1 12 14 7 17 
7 16 11 6 7 14 19 7 19 2 11 7 13 1 14 19 4 7 
7 16 11 6 7 14 19 7 19 2 11 7 13 1 12 14 9 20 
7 16 11 6 10 14 15 13 19 14 20 7 16 1 19 14 14 16 
7 16 11 6 7 14 20 13 13 2 20 7 7 1 14 14 14 16 
7 16 11 6 7 14 15 15 15 2 20 7 2 1 19 14 14 16 
7 16 11 18 10 14 7 8 13 7 8 7 2 1 12 14 7 16 
7 16 11 6 7 14 2 8 7 2 2 7 7 1 12 14 7 17 
7 16 11 6 7 14 2 20 15 2 11 7 7 1 12 14 7 17 
7 16 11 8 10 20 20 8 15 16 18 12 2 1 19 14 14 16 
7 16 11 8 7 20 7 8 15 2 20 11 2 1 2 14 8 16 
7 16 11 18 2 14 20 8 20 13 13 7 13 1 12 14 14 16 
7 16 11 8 7 14 20 8 20 2 13 7 13 1 12 14 14 16 
7 16 11 6 15 18 20 7 15 15 20 14 20 1 19 14 8 20 
7 16 11 6 20 14 15 7 19 17 13 20 16 1 12 14 14 20 
7 16 11 18 2 14 20 7 19 7 20 6 13 1 12 19 14 7 
7 16 11 18 19 14 15 15 19 2 20 7 13 1 14 14 14 17 
7 16 11 18 7 20 7 7 15 15 7 6 20 1 19 14 7 16 
7 16 11 3 19 17 19 6 19 2 13 19 15 1 15 14 4 16 
7 1 12 18 15 14 7 8 12 19 2 19 15 1 17 14 8 19 
7 1 12 18 15 14 7 8 15 19 9 19 15 1 17 14 8 19 
7 16 11 6 20 14 20 3 20 11 20 15 2 1 20 14 14 17 
7 16 11 6 14 14 14 13 19 3 20 15 2 1 20 14 14 17 
7 16 12 18 10 14 20 7 19 7 18 4 2 1 7 14 17 16 
7 16 12 18 15 14 20 7 19 15 18 19 20 1 19 14 14 16 
7 1 11 6 15 14 20 15 19 11 11 7 16 1 20 14 8 17 
7 16 11 6 7 14 19 13 19 15 11 7 2 1 4 19 4 7 
7 16 11 6 15 14 19 7 19 2 13 7 2 1 14 14 14 17 
7 16 11 8 7 14 7 13 19 2 7 7 13 1 12 14 7 17 
7 1 11 18 20 14 15 6 19 17 15 7 16 1 13 14 19 17 
7 16 12 18 19 14 15 6 15 15 20 8 20 1 15 14 14 17 
7 16 11 18 19 9 15 8 19 17 13 6 16 1 14 14 4 9 
7 16 11 18 4 9 7 8 19 17 13 6 16 1 7 14 4 9 
7 1 12 8 19 14 13 6 3 15 11 18 20 1 14 19 4 7 
7 16 12 8 7 14 20 13 20 2 11 6 2 1 7 14 8 17 
7 16 12 8 20 9 14 13 15 2 11 14 2 1 14 14 8 17 
7 16 11 6 7 14 7 8 19 2 9 2 13 1 6 14 8 16 
7 16 11 6 7 14 20 8 15 15 20 2 20 1 4 14 15 16 
7 16 11 6 19 14 19 6 19 2 20 6 16 1 14 14 15 9 
7 16 11 6 19 14 19 15 19 2 8 6 16 1 14 14 4 9 
7 16 12 8 17 9 13 8 7 3 11 7 13 1 3 14 17 17 
7 16 12 8 4 14 13 7 17 7 11 7 16 1 13 14 14 17 
7 16 11 8 10 14 20 8 7 11 11 7 7 1 12 14 14 17 
7 16 11 8 19 14 20 8 19 11 11 15 13 1 15 14 14 17 
7 16 11 8 7 14 7 6 17 2 13 7 2 1 14 14 8 16 
7 16 11 8 2 14 13 13 3 17 13 2 2 1 14 14 6 16 
7 16 11 8 19 14 15 8 19 2 20 6 15 1 14 14 14 16 
7 16 12 8 19 14 20 7 19 2 13 7 1 1 14 14 4 17 
7 16 12 8 19 14 15 8 3 17 20 3 1 1 14 14 17 17 
7 16 11 18 19 14 19 20 19 17 20 7 2 1 15 14 14 17 
7 16 11 8 15 14 19 20 19 17 2 7 2 1 19 14 8 17 
7 16 12 6 19 14 15 20 19 2 20 7 2 1 14 14 14 16 
7 16 12 18 7 14 7 9 19 7 9 7 16 1 12 14 7 2 
7 16 12 18 7 14 19 9 19 7 13 7 16 1 12 14 14 2 
7 1 11 18 15 14 15 3 19 16 2 4 14 1 19 14 7 20 
7 16 11 18 19 14 17 3 15 15 16 4 20 1 14 14 4 20 
7 16 12 6 17 14 20 8 2 14 13 13 2 1 18 14 14 20 
7 16 12 6 20 14 14 8 2 14 7 6 2 1 2 14 6 20 
7 16 12 8 19 14 20 8 19 2 12 2 13 1 14 14 4 20 
7 16 12 8 19 20 20 7 15 2 12 2 20 1 14 14 4 20 
7 16 11 8 20 14 13 8 19 14 2 8 15 1 14 14 14 14 
7 16 11 8 20 14 20 8 20 14 20 8 19 1 14 14 14 14 
7 16 12 18 15 14 20 8 15 15 20 19 20 1 14 14 14 17 
7 16 12 18 15 14 14 4 19 17 20 6 16 1 20 7 14 13 
7 16 11 8 3 14 3 7 19 15 9 7 20 1 12 14 7 17 
7 1 11 6 15 14 20 7 19 17 18 14 16 1 14 19 14 7 
7 1 11 6 20 14 17 7 19 17 20 12 16 1 14 14 14 17 
7 16 11 18 19 14 20 13 19 15 18 12 20 1 14 14 14 16 
7 16 11 18 19 14 20 13 19 15 13 2 20 1 14 14 4 16 
7 1 11 8 19 18 19 8 15 2 7 7 20 1 14 14 8 17 
7 1 11 8 19 14 19 8 15 2 7 7 20 1 14 14 8 17 
7 16 12 18 17 14 17 13 19 3 4 6 15 1 14 16 4 7 
7 16 12 18 17 14 17 13 13 3 4 20 7 1 14 16 4 7 
7 16 11 6 15 14 20 7 20 2 11 7 13 1 19 16 17 17 
7 16 12 18 20 14 14 13 19 2 4 7 2 1 12 14 20 20 
7 16 12 18 20 14 14 13 19 2 20 2 2 1 12 14 14 17 
7 16 12 18 17 14 20 8 15 14 20 12 19 1 14 14 14 17 
7 16 12 18 17 14 20 7 15 14 2 7 19 1 14 14 14 17 
7 16 11 18 3 14 14 7 19 14 11 6 14 1 19 14 8 17 
7 16 12 18 17 14 3 7 19 3 8 7 14 1 2 14 6 17 
7 16 11 6 19 14 20 15 19 17 18 17 2 1 15 19 14 15 
7 16 11 18 15 14 20 15 19 11 20 17 2 1 19 7 14 13 
7 16 11 6 10 14 7 11 11 7 13 9 7 1 12 14 14 14 
7 16 11 6 10 14 7 11 11 7 13 9 7 1 12 14 14 14 
7 16 11 18 2 14 19 4 19 14 20 7 16 1 14 17 14 14 
7 16 11 18 17 14 20 7 19 3 20 7 13 1 14 17 14 14 
7 16 11 8 10 14 7 7 19 7 8 7 2 1 7 14 6 17 
7 16 11 8 10 20 13 7 15 11 13 12 20 1 7 14 4 17 
7 16 11 18 20 14 14 20 19 2 13 7 2 1 14 14 8 17 
7 16 11 18 20 14 14 8 19 2 13 7 2 1 14 14 8 17 
7 16 12 8 10 14 7 8 19 9 9 7 13 1 12 17 7 16 
7 16 11 8 19 14 15 7 19 17 20 7 2 1 15 14 14 17 
7 16 11 8 17 14 15 8 15 3 20 11 20 1 3 14 6 17 
7 16 11 8 17 14 2 13 19 3 13 18 14 1 18 14 4 17 
7 16 11 6 10 9 20 8 12 11 20 7 7 1 6 19 14 7 
7 16 11 6 15 9 20 8 12 11 13 7 7 1 6 19 3 7 
7 16 12 18 15 14 20 13 2 17 18 14 14 1 19 14 4 19 
7 16 11 8 7 14 20 11 19 2 17 12 2 1 3 14 14 17 
7 16 11 18 3 14 15 11 19 14 20 7 2 1 3 14 14 17 
7 16 11 6 20 14 17 13 19 17 9 7 2 1 14 14 4 20 
7 16 11 6 20 14 17 7 19 17 18 7 2 1 14 14 4 20 
7 16 11 6 10 14 15 8 19 19 20 7 16 1 6 7 14 13 
7 16 11 6 17 14 15 8 19 3 20 6 16 1 6 7 14 13 
7 16 11 18 19 11 15 11 19 2 11 15 16 1 14 14 8 17 
7 16 11 18 15 11 20 11 19 20 11 15 14 1 13 14 7 17 
7 16 11 18 17 14 7 20 19 3 19 11 14 1 14 7 8 13 
7 16 11 18 14 14 19 6 19 2 11 11 14 1 14 20 8 15 
7 1 12 6 10 14 15 7 17 14 20 7 14 1 19 14 8 17 
7 1 11 6 19 14 15 15 19 2 20 6 15 1 19 14 8 17 
7 16 11 8 7 9 7 8 19 2 11 8 2 1 2 14 8 17 
7 16 11 8 7 9 15 8 19 2 11 8 2 1 19 14 7 17 
7 16 11 8 7 9 17 8 19 2 9 6 14 1 14 14 4 19 
7 16 11 8 10 14 17 8 19 20 9 6 13 1 14 14 4 19 
7 16 11 18 15 14 20 6 15 15 20 7 20 1 19 14 14 16 
7 16 11 6 15 14 20 7 19 7 12 19 2 1 19 14 8 17 
7 16 11 18 15 14 20 7 19 7 12 2 2 1 19 14 8 17 
7 16 12 18 7 14 7 13 19 2 12 4 16 1 12 14 7 17 
7 16 12 18 20 14 7 13 19 17 8 20 16 1 14 14 6 17 
7 16 12 8 19 14 20 4 19 14 20 7 16 1 14 14 14 16 
7 1 12 6 7 9 7 13 20 2 9 7 2 1 12 7 14 13 
7 1 11 6 4 9 7 8 20 13 9 7 13 1 12 14 14 17 
7 16 11 8 17 14 20 7 20 14 7 20 14 1 11 14 20 17 
7 16 11 8 17 14 20 8 15 18 20 6 20 1 11 14 14 17 
7 16 11 18 15 14 20 13 13 9 18 6 12 1 12 14 14 16 
7 16 11 18 15 14 19 13 13 9 11 15 12 1 14 12 4 9 
7 16 11 8 13 14 3 8 15 2 9 6 20 1 6 14 8 17 
7 16 12 8 3 14 3 6 15 16 7 15 20 1 6 14 8 17 
7 15 12 20 19 14 20 7 19 15 11 7 14 1 14 14 14 16 
7 15 12 20 15 14 20 7 19 7 11 7 14 1 13 14 7 16 
7 16 11 8 7 20 7 6 15 15 2 2 20 1 18 14 8 20 
7 16 11 8 15 14 20 6 19 17 20 6 16 1 20 14 14 20 
7 16 11 6 15 20 20 7 15 15 13 13 20 1 19 14 14 14 
7 16 12 8 19 14 15 9 19 2 11 7 13 1 14 19 4 19 
7 16 12 8 19 14 15 3 19 2 20 7 14 1 14 19 4 19 
7 16 11 18 7 14 20 6 15 17 20 4 20 1 12 14 14 9 
7 16 11 18 7 14 20 6 20 17 20 4 18 1 12 14 14 9 
7 16 11 18 19 14 17 6 15 3 14 6 20 1 14 14 4 9 
7 16 11 18 17 14 7 6 19 3 13 6 16 1 14 14 8 9 
7 16 11 8 20 14 15 8 19 2 18 2 2 1 18 14 14 16 
7 16 11 8 14 14 14 15 19 3 18 15 2 1 19 14 14 16 
7 16 11 8 10 14 13 11 19 7 9 15 13 1 12 14 14 16 
7 16 11 8 7 14 13 12 19 2 9 15 13 1 7 14 6 16 
7 16 11 20 19 14 20 7 19 15 18 6 14 1 15 14 14 16 
7 16 11 20 19 14 20 7 15 15 7 6 20 1 18 14 4 16 
7 16 12 18 19 14 3 7 19 15 14 6 20 1 14 14 4 17 
7 16 12 18 19 14 20 8 15 15 18 6 20 1 14 14 4 17 
7 16 12 8 19 14 20 9 18 15 13 20 20 1 14 14 14 14 
7 16 11 18 7 14 2 11 12 2 7 2 7 1 14 14 8 7 
7 1 11 18 15 14 20 7 19 3 18 15 2 1 6 19 14 7 
7 1 11 18 3 14 14 7 19 14 18 2 2 1 6 19 14 7 
7 1 11 6 7 14 7 15 19 9 13 4 1 1 19 14 14 16 
7 16 11 6 10 9 20 8 19 7 13 2 14 1 12 14 14 17 
7 16 11 18 2 14 20 13 19 13 13 19 11 1 14 14 14 16 
7 16 11 18 7 14 13 13 7 2 13 19 11 1 14 14 4 19 
7 16 11 8 19 14 19 9 3 17 20 19 16 1 17 14 15 7 
7 1 11 8 15 14 20 13 19 12 11 6 13 1 19 14 14 17 
7 16 11 6 19 9 7 8 19 2 7 2 2 1 14 14 8 14 
7 16 11 6 19 14 7 20 19 2 7 2 2 1 14 14 8 14 
7 1 11 18 19 14 15 7 15 2 20 7 20 1 14 14 14 20 
7 1 11 18 19 14 15 7 19 17 20 7 16 1 14 7 14 13 
7 1 11 6 7 14 19 12 19 2 13 15 13 1 14 7 4 11 
7 1 11 6 7 14 20 13 19 2 15 19 13 1 20 14 15 19 
7 16 11 6 10 14 20 8 15 7 11 7 20 1 12 14 14 17 
7 16 11 18 14 14 20 8 15 3 11 7 20 1 12 14 14 17 
7 16 11 18 15 14 20 18 15 15 13 2 20 1 19 14 14 14 
7 1 11 18 19 14 7 18 13 2 13 8 7 1 14 14 8 14 
7 1 11 18 10 14 13 11 13 7 11 7 9 1 13 14 7 14 
7 1 11 18 7 14 20 8 15 2 20 6 2 1 12 14 14 14 
7 16 11 18 7 14 20 9 19 9 20 20 2 1 12 14 14 17 
7 16 12 18 15 14 19 6 19 17 13 7 14 1 19 14 15 14 
7 16 12 18 15 14 7 6 19 17 7 7 14 1 19 14 7 14 
7 16 11 18 2 14 20 8 15 7 20 7 20 1 12 14 14 16 
7 16 11 18 2 14 20 8 15 7 20 6 20 1 12 14 14 16 
7 16 11 18 7 14 7 13 17 2 13 7 2 1 7 14 7 17 
7 16 11 18 7 20 7 15 15 17 13 7 2 1 1 14 8 17 
7 16 11 18 17 14 7 8 19 3 11 19 2 1 14 14 8 16 
7 16 12 8 15 14 20 9 15 14 13 20 20 1 19 14 15 17 
7 16 12 8 19 14 20 9 15 14 20 20 20 1 15 14 14 17 
7 16 11 6 19 14 3 6 19 14 11 7 2 1 14 14 8 17 
7 16 11 6 15 14 15 6 12 11 11 7 2 1 19 14 8 17 
7 16 11 18 7 14 13 7 19 7 11 2 13 1 12 14 14 17 
7 16 11 18 15 14 20 7 15 15 11 2 20 1 19 14 8 17 
7 16 11 18 20 18 17 13 13 7 13 13 7 1 1 14 11 17 
7 16 11 18 17 14 17 13 2 3 13 15 2 1 2 14 6 17 
7 16 12 8 19 14 20 8 13 11 13 9 13 1 11 14 17 17 
7 16 12 8 15 14 20 8 2 16 13 9 2 1 19 14 17 17 
7 16 11 6 19 14 7 6 15 15 7 7 20 1 18 14 6 17 
7 16 11 6 14 14 3 7 7 3 7 7 7 1 2 14 6 17 
7 16 11 18 19 14 20 11 11 11 13 7 7 1 14 14 17 2 
7 16 11 18 17 14 20 11 18 14 20 7 15 1 12 14 14 16 
7 16 11 6 7 14 20 13 19 2 13 19 16 1 13 16 7 16 
7 16 11 6 7 14 7 7 19 2 11 14 13 1 7 14 8 16 
7 16 11 6 15 14 20 7 15 15 11 7 20 1 19 14 8 16 
7 16 11 6 20 18 7 15 19 7 7 7 13 1 12 14 7 14 
7 16 11 6 15 18 20 15 20 14 7 7 13 1 20 14 14 14 
7 16 11 18 15 14 15 6 15 15 20 7 20 1 19 14 8 17 
7 16 11 18 15 14 15 6 15 15 20 6 20 1 19 14 8 17 
7 16 11 18 2 14 3 13 17 20 11 20 16 1 14 14 8 19 
7 16 12 6 20 14 20 7 19 15 18 6 20 1 12 14 14 14 
7 16 12 18 7 14 7 7 19 2 11 6 13 1 12 14 17 14 
7 16 11 18 7 14 20 6 15 15 13 6 20 1 12 14 14 14 
7 16 11 6 20 14 14 7 20 15 20 7 20 1 17 14 6 17 
7 16 11 6 7 14 13 7 15 9 11 7 20 1 12 14 6 17 
7 16 12 6 17 14 20 11 15 14 13 11 20 1 12 14 6 17 
7 16 12 6 10 14 7 8 15 11 11 12 20 1 12 14 6 17 
7 16 12 8 10 14 20 8 19 14 12 6 14 1 14 14 14 14 
7 16 12 8 19 14 3 8 15 2 7 20 20 1 14 14 8 14 
7 16 18 18 7 14 7 13 13 2 13 7 2 1 14 14 3 17 
7 16 18 18 7 14 7 13 19 2 13 7 13 1 14 14 3 17 
7 1 11 18 17 14 7 8 19 3 20 6 13 1 7 14 6 20 
7 1 11 18 14 14 19 8 17 2 20 7 16 1 14 14 14 20 
7 16 11 8 7 14 2 13 19 2 7 2 13 1 7 14 8 16 
7 16 11 6 19 14 15 15 15 15 20 19 15 1 12 14 6 19 
7 16 11 18 19 14 15 7 19 15 20 19 15 1 12 14 6 19 
7 1 11 18 15 9 7 6 19 14 7 11 2 1 20 14 8 14 
7 1 11 18 7 9 7 6 15 11 20 18 15 1 1 14 14 14 
7 16 11 6 15 14 15 8 19 2 13 7 2 1 19 14 7 17 
7 16 12 8 19 14 7 8 13 15 7 7 20 1 14 14 7 17 
7 16 12 8 19 14 19 8 13 11 20 7 12 1 14 14 15 17 
7 16 11 6 7 14 17 8 19 2 20 17 16 1 9 15 14 13 
7 16 11 6 2 14 17 8 19 16 20 20 16 1 9 4 14 16 
7 16 11 18 19 14 3 6 13 2 11 6 12 1 14 14 8 17 
7 16 11 18 20 14 15 6 15 15 20 6 20 1 12 14 20 17 
7 16 11 8 7 14 7 8 20 2 13 9 13 1 2 14 6 19 
7 16 12 18 15 14 20 8 15 15 13 19 20 1 19 14 14 16 
7 16 12 18 15 14 20 8 15 15 20 19 20 1 19 14 14 16 
7 17 11 20 15 14 20 6 19 12 11 7 13 1 12 14 7 19 
7 1 11 6 7 14 19 8 19 2 11 7 13 1 14 14 8 16 
7 1 11 6 20 14 20 8 19 15 20 7 20 1 14 14 14 16 
7 16 11 18 15 14 14 8 19 2 20 4 2 1 19 14 14 16 
7 16 11 18 15 14 14 13 19 2 20 20 2 1 19 14 14 16 
7 1 11 8 20 14 20 6 15 15 12 7 20 1 20 14 14 17 
7 1 11 8 17 14 3 7 19 3 4 7 14 1 12 14 14 17 
7 16 11 18 19 14 20 6 15 15 15 8 20 1 14 14 4 16 
7 16 11 18 20 14 7 6 15 11 7 8 20 1 14 14 8 16 
7 16 12 6 7 14 7 12 19 2 11 7 2 1 12 14 7 16 
7 16 12 6 7 14 7 12 19 2 11 7 2 1 12 14 7 16 
7 16 12 6 10 14 14 8 15 14 20 7 16 1 20 14 14 17 
7 16 12 6 15 14 20 8 19 11 11 7 13 1 20 14 8 17 
7 16 11 8 19 9 7 8 19 2 13 6 14 1 14 14 8 16 
7 16 11 18 19 9 20 8 19 2 13 6 13 1 14 14 15 16 
7 16 12 18 19 14 20 13 15 2 13 12 20 1 15 14 6 16 
7 16 12 18 19 14 20 13 17 2 13 12 14 1 15 14 6 16 
7 16 11 18 2 14 15 7 7 15 20 12 2 1 19 14 6 20 
7 16 11 6 7 14 7 7 7 2 8 12 2 1 7 14 6 20 
7 16 11 18 20 14 15 7 15 14 20 2 20 1 3 14 14 17 
7 16 11 18 20 14 20 7 15 14 9 2 20 1 3 14 14 17 
7 16 11 6 15 14 20 13 19 15 7 15 20 1 20 14 8 14 
7 16 11 6 10 9 20 13 20 7 20 7 13 1 12 14 14 16 
7 1 11 18 15 20 19 13 15 3 20 12 20 1 3 14 14 16 
7 16 11 18 7 14 2 13 19 2 13 7 2 1 12 14 14 20 
7 16 12 18 15 14 20 13 19 15 20 6 20 1 14 14 14 20 
7 16 12 18 19 14 15 13 19 2 20 6 2 1 14 20 14 15 
7 16 11 18 7 14 7 6 15 2 11 19 20 1 14 14 8 16 
7 16 11 18 7 14 7 14 13 2 7 19 2 1 14 14 8 16 
7 1 11 18 20 14 17 8 15 17 20 19 17 1 12 14 14 16 
7 1 11 18 7 14 20 8 2 2 20 19 13 1 12 14 14 16 
7 16 11 18 15 14 20 18 19 11 20 7 13 1 20 17 14 15 
7 16 11 18 15 14 20 18 19 11 20 7 13 1 20 17 14 15 
7 16 12 6 10 14 13 8 13 20 11 7 7 1 13 14 7 17 
7 16 12 6 20 14 15 8 13 2 13 7 2 1 18 14 4 17 
7 16 11 18 19 14 19 7 19 2 13 20 14 1 14 14 4 17 
7 16 11 18 19 14 13 20 19 2 11 6 14 1 14 14 6 17 
7 16 11 18 7 9 20 6 19 2 13 6 16 1 7 14 14 16 
7 16 11 18 15 14 15 6 20 2 20 14 13 1 19 14 14 16 
7 16 11 6 15 14 20 8 15 14 13 7 20 1 20 14 6 17 
7 16 11 6 7 14 7 8 15 2 13 6 20 1 7 14 6 17 
7 1 11 18 7 14 20 7 19 2 13 19 14 1 14 14 8 17 
7 16 11 6 19 14 3 6 19 2 20 6 15 1 14 14 14 16 
7 16 11 6 20 14 15 7 2 2 20 2 14 1 12 14 14 16 
7 16 11 6 17 14 17 9 19 3 14 20 2 1 14 14 4 17 
7 16 11 18 19 14 15 6 19 2 20 13 2 1 14 14 4 17 
7 16 11 6 15 14 20 13 19 15 13 20 20 1 19 14 14 14 
7 16 11 6 15 14 19 13 19 17 13 12 11 1 14 14 14 14 
7 16 12 6 15 14 19 7 19 15 13 19 20 1 18 14 4 17 
7 16 11 6 10 19 13 7 19 11 13 7 15 1 13 14 3 17 
7 16 11 6 19 14 3 13 19 17 13 7 16 1 14 14 4 20 
7 16 11 6 7 14 7 13 15 2 9 7 20 1 12 14 7 20 
7 16 11 18 7 9 20 8 19 2 8 3 2 1 7 14 8 17 
7 16 11 8 15 14 20 6 19 9 11 7 13 1 11 14 7 17 
7 16 11 8 19 19 7 8 15 2 11 15 19 1 14 14 8 17 
7 16 11 18 15 14 20 8 19 2 13 20 2 1 19 14 14 16 
7 16 11 18 17 14 20 8 19 3 13 19 2 1 2 14 6 16 
7 16 11 18 15 14 15 15 15 15 20 20 20 1 19 17 8 15 
7 16 11 18 15 14 15 7 15 15 20 2 20 1 19 14 8 20 
7 1 12 8 19 14 19 7 19 2 13 11 14 1 15 14 14 16 
7 1 12 8 15 14 20 7 19 11 13 11 7 1 19 14 14 16 
7 16 12 8 17 14 7 11 19 3 11 17 2 1 14 14 8 7 
7 16 12 8 7 9 7 7 19 2 11 7 16 1 7 14 8 7 
7 16 12 6 10 14 7 13 19 7 13 6 20 1 6 19 14 14 
7 16 12 6 10 14 7 13 19 7 13 19 20 1 6 19 14 14 
7 16 11 18 4 14 7 6 19 17 2 7 13 1 12 14 7 17 
7 1 11 6 15 14 20 8 15 7 20 7 20 1 13 14 14 16 
7 1 11 6 7 14 20 8 15 15 20 19 20 1 18 14 14 16 
7 16 11 18 2 20 20 7 15 20 13 6 20 1 14 4 14 16 
7 16 11 18 15 9 20 8 19 17 13 15 16 1 14 12 14 10 
7 16 11 6 19 14 15 13 15 13 20 7 20 1 15 14 4 17 
7 16 11 6 15 20 20 8 15 15 13 6 20 1 19 14 14 17 
7 1 12 8 19 14 20 13 15 2 14 4 20 1 14 14 14 20 
7 1 12 8 19 14 20 13 19 2 20 3 14 1 14 14 14 20 
7 16 12 8 7 14 7 13 19 2 11 14 13 1 19 14 8 17 
7 16 12 8 10 14 2 8 19 11 11 14 13 1 19 14 8 17 
7 16 12 6 19 14 7 7 15 2 7 14 20 1 14 14 8 16 
7 16 12 6 19 14 19 7 15 15 20 15 20 1 14 14 14 16 
7 16 11 8 19 14 7 8 19 2 11 7 13 1 14 14 4 20 
7 16 11 8 3 14 16 14 19 14 11 7 14 1 14 14 4 20 
7 16 11 6 17 14 7 3 13 3 11 7 7 1 14 14 8 17 
7 16 11 6 7 18 7 18 13 2 13 7 7 1 12 14 14 17 
7 16 11 6 7 14 7 13 19 15 13 7 20 1 14 14 4 16 
7 16 11 18 19 14 7 6 19 2 9 17 1 1 14 14 8 17 
7 16 11 18 14 14 20 7 19 2 9 17 1 1 19 14 8 17 
7 16 11 8 19 14 7 8 19 2 2 19 13 1 14 14 8 14 
7 16 11 8 11 14 20 8 19 1 13 19 19 1 13 14 14 14 
7 16 11 18 17 14 15 13 19 3 20 7 13 1 12 14 14 17 
7 16 11 18 20 14 15 13 19 13 20 7 11 1 12 14 14 17 
7 16 11 8 2 14 7 8 7 11 11 6 13 1 14 14 8 9 
7 16 11 8 19 18 2 8 15 14 11 6 20 1 14 14 8 9 
7 16 11 6 20 14 7 20 19 7 9 7 9 1 7 14 8 17 
7 16 12 18 19 20 8 13 15 2 7 7 20 1 14 14 7 17 
7 16 11 6 15 14 15 7 19 17 20 3 17 1 19 14 14 14 
7 16 11 18 7 14 13 7 19 2 2 19 15 1 13 14 7 17 
7 16 12 6 19 14 20 13 19 2 13 14 14 1 14 14 4 17 
7 16 11 6 2 14 7 13 19 11 13 4 13 1 14 14 4 17 
7 16 11 18 15 14 20 13 19 14 13 4 1 1 20 14 14 14 
7 16 12 18 10 14 13 13 19 14 19 4 1 1 14 14 14 14 
7 1 11 6 19 9 14 8 19 14 13 7 2 1 14 14 4 16 
7 1 11 6 7 9 7 8 19 2 11 6 13 1 7 14 4 16 
7 1 11 18 19 14 15 20 13 2 20 6 2 1 14 14 14 14 
7 1 11 18 19 14 15 20 13 2 20 6 2 1 14 14 14 14 
7 16 11 18 17 14 17 8 2 17 13 13 2 1 16 14 14 17 
7 16 11 18 7 14 9 8 13 2 11 19 12 1 12 14 7 17 
7 16 11 18 15 14 19 8 13 3 14 9 12 1 14 14 4 17 
7 16 11 8 15 14 20 4 15 11 13 7 20 1 19 14 6 17 
7 16 11 8 15 14 13 18 15 15 11 7 20 1 17 14 6 17 
7 16 12 6 19 14 2 7 15 15 13 2 20 1 14 19 4 7 
7 16 11 6 15 14 19 8 15 15 13 19 20 1 14 14 14 14 
7 16 11 6 19 14 20 8 15 15 13 19 20 1 14 14 14 14 
7 1 11 6 15 20 15 15 15 15 20 7 20 1 19 14 6 17 
7 1 11 6 19 20 15 6 15 2 20 7 20 1 14 14 4 17 
7 1 11 8 19 14 20 7 19 2 20 2 2 1 14 14 14 16 
7 1 11 8 17 14 20 7 19 14 20 19 2 1 7 14 14 16 
7 1 11 8 10 14 20 8 19 7 15 19 9 1 18 14 4 17 
7 1 11 8 15 14 20 8 19 3 15 19 2 1 18 14 4 17 
7 16 11 18 19 14 13 13 19 2 13 2 2 1 14 14 4 16 
7 16 11 18 17 14 13 13 19 3 13 7 2 1 14 14 6 16 
7 1 11 6 15 14 20 7 15 15 13 15 20 1 20 14 14 14 
7 1 11 6 19 14 20 7 15 2 2 9 20 1 14 14 14 14 
7 16 12 18 15 20 19 8 15 15 13 6 20 1 19 14 14 14 
7 16 12 18 15 20 19 8 15 15 13 6 20 1 19 14 14 14 
7 16 12 6 19 14 19 8 13 2 8 7 2 1 14 14 8 17 
7 16 12 6 10 14 19 7 19 14 8 7 14 1 19 14 8 17 
7 1 11 6 17 14 7 18 15 3 13 7 20 1 12 14 7 20 
7 1 11 6 20 14 7 7 7 7 11 2 7 1 12 14 7 20 
7 1 12 8 4 20 19 8 15 17 13 6 20 1 14 14 14 14 
7 1 12 8 19 14 2 8 19 2 20 3 20 1 14 7 17 12 
7 16 12 6 19 14 15 8 19 2 20 6 14 1 14 14 14 17 
7 16 12 6 15 14 15 8 15 15 20 6 20 1 19 7 14 13 
7 16 12 18 17 14 7 6 19 14 20 2 14 1 12 14 14 20 
7 16 12 18 17 14 7 7 18 14 20 3 20 1 12 14 14 20 
7 16 11 6 7 14 7 7 19 15 19 19 19 1 18 14 8 17 
7 16 11 6 7 14 7 20 19 15 19 2 19 1 18 14 8 17 
7 16 12 6 15 14 20 7 19 12 20 15 13 1 20 14 14 16 
7 16 12 6 20 14 7 7 15 7 13 7 20 1 18 14 4 16 
7 16 11 18 7 9 20 15 15 9 20 6 20 1 12 14 14 17 
7 16 11 18 7 14 7 15 19 17 12 19 17 1 11 14 7 20 
7 16 11 6 15 14 20 7 19 17 12 19 17 1 20 14 6 20 
7 16 11 18 17 14 7 18 19 3 20 4 2 1 14 14 7 7 
7 16 11 8 19 14 20 8 13 11 11 7 2 1 14 14 4 17 
7 16 11 8 17 14 20 8 2 14 11 7 16 1 12 14 7 17 
7 14 11 18 15 14 20 7 15 15 13 6 19 1 19 14 15 10 
7 14 11 18 7 14 7 8 2 17 13 6 2 1 14 14 8 10 
7 16 11 18 15 18 20 15 15 15 12 6 20 1 19 14 8 14 
7 16 11 18 19 14 2 8 15 15 2 6 19 1 14 14 8 17 
7 16 11 18 19 14 2 8 15 15 9 6 20 1 14 14 6 17 
7 1 12 6 7 14 20 8 15 17 13 7 20 1 12 14 14 14 
7 1 12 6 14 14 3 8 19 15 13 7 19 1 19 14 14 14 
7 16 11 6 7 14 20 6 19 17 13 6 14 1 12 14 14 14 
7 16 11 6 7 14 20 6 20 2 13 6 20 1 12 14 14 14 
7 1 12 6 19 14 13 8 15 15 19 6 20 1 15 14 14 14 
7 1 12 6 15 14 20 6 19 17 13 6 16 1 17 14 14 14 
7 1 11 8 7 9 7 6 19 2 13 18 16 1 12 14 7 16 
7 1 11 8 7 9 2 13 19 2 13 7 16 1 14 14 8 16 
7 16 12 8 19 14 19 7 13 11 20 19 7 1 14 14 14 16 
7 16 12 8 19 14 19 20 19 11 20 8 14 1 14 14 14 16 
7 16 11 18 19 14 20 8 19 2 11 15 14 1 14 14 14 16 
7 16 11 18 19 14 20 8 19 2 13 19 14 1 14 14 14 16 
7 16 11 18 15 14 20 2 17 17 20 14 16 1 19 14 14 16 
7 16 11 18 4 14 12 13 15 17 11 14 20 1 12 14 3 16 
7 1 11 6 15 14 20 8 19 17 20 7 17 1 14 19 14 7 
7 1 11 6 19 14 20 8 19 13 13 7 11 1 14 19 14 7 
7 16 11 18 19 14 19 7 19 2 9 7 15 1 14 14 4 17 
7 16 11 18 3 14 19 7 19 14 9 20 14 1 14 14 4 17 
7 1 12 18 15 14 20 15 2 15 13 8 20 1 19 14 8 17 
7 1 12 18 15 14 20 8 13 15 20 7 20 1 19 14 14 17 
7 1 11 8 20 14 20 6 2 14 20 7 2 1 14 14 15 7 
7 1 11 8 20 14 20 15 2 14 20 7 2 1 14 14 15 7 
7 16 12 6 19 14 7 7 19 2 13 7 13 1 14 14 6 16 
7 1 11 6 15 14 20 9 19 17 20 2 2 1 14 14 14 16 
7 1 11 6 15 14 20 8 19 2 14 2 2 1 14 14 4 19 
7 16 11 18 17 14 20 7 19 14 20 7 2 1 13 14 15 16 
7 16 11 18 17 14 20 7 3 14 19 7 2 1 14 14 8 16 
7 16 11 6 10 14 11 11 19 14 2 15 16 1 3 14 4 17 
7 16 11 6 10 14 2 11 15 15 13 20 20 1 19 14 3 17 
7 1 11 8 15 14 15 7 2 11 13 7 13 1 19 14 17 17 
7 1 12 8 15 14 15 7 20 12 13 7 7 1 19 14 17 17 
7 16 11 18 15 14 20 15 3 15 20 14 20 1 19 14 14 16 
7 16 11 18 15 14 20 15 19 15 20 14 20 1 19 14 14 16 
7 16 12 18 17 14 20 6 2 14 13 6 2 1 14 14 14 16 
7 16 12 18 19 14 20 9 2 17 13 6 17 1 14 14 14 16 
7 1 11 6 10 14 7 4 13 7 11 19 13 1 19 14 8 9 
7 1 11 6 17 14 13 13 17 3 7 19 14 1 18 14 4 9 
7 16 11 18 20 14 13 15 19 17 20 7 17 1 12 14 14 16 
7 16 11 18 14 14 15 14 19 15 20 15 20 1 19 14 14 16 
7 16 11 18 2 17 15 13 2 20 20 4 13 1 14 14 4 16 
7 16 11 18 2 14 17 13 19 20 14 2 13 1 14 14 4 16 
7 16 12 6 19 20 7 8 15 2 11 9 20 1 14 14 8 17 
7 16 12 6 15 9 19 6 19 17 13 7 16 1 14 14 4 17 
7 16 12 18 19 14 20 6 19 2 13 4 2 1 14 14 4 9 
7 16 12 18 19 14 7 15 2 2 20 4 13 1 14 14 7 9 
7 16 11 18 17 14 7 13 19 7 13 15 16 1 12 14 17 17 
7 16 11 18 7 14 7 7 15 17 13 15 20 1 12 14 4 17 
7 16 12 18 17 14 7 15 15 3 11 7 20 1 12 14 7 17 
7 16 12 18 20 14 7 18 19 7 13 19 13 1 12 14 7 17 
7 1 11 6 15 14 20 8 15 7 2 7 20 1 19 14 8 17 
7 1 11 6 15 14 20 8 20 3 7 7 2 1 19 14 8 17 
7 16 11 18 10 2 3 6 2 11 20 7 13 1 12 14 14 16 
7 16 11 18 10 9 3 8 7 11 20 7 13 1 12 14 14 16 
7 1 11 18 20 14 15 8 15 15 20 19 20 1 4 14 8 14 
7 1 11 18 15 14 20 7 15 15 13 19 20 1 19 14 14 14 
7 16 12 18 19 14 11 6 19 2 14 14 14 1 14 14 4 17 
7 16 11 18 15 14 15 8 19 17 9 19 16 1 19 14 7 20 
7 16 11 18 19 14 20 8 19 2 13 19 16 1 14 14 4 20 
7 16 11 18 15 20 20 8 15 15 13 7 20 1 19 14 8 20 
7 16 11 18 15 20 15 8 15 15 13 7 20 1 19 14 8 20 
7 16 12 8 19 14 20 8 19 15 7 7 20 1 15 16 8 7 
7 16 12 8 19 14 9 8 15 14 8 7 20 1 15 16 7 7 
7 16 11 18 19 15 20 20 20 2 20 6 2 1 14 7 14 13 
7 16 11 18 19 14 20 7 19 2 20 11 2 1 14 17 14 16 
7 16 11 18 2 14 2 18 20 15 18 7 20 1 19 14 7 16 
7 16 11 18 2 14 2 18 20 15 18 15 20 1 19 14 7 16 
7 16 11 18 7 14 20 6 19 9 13 7 14 1 12 14 14 14 
7 16 11 18 19 14 20 9 19 2 13 19 7 1 14 14 14 14 
7 16 11 18 19 14 19 20 15 15 11 6 20 1 14 14 3 17 
7 16 12 18 19 14 7 7 15 15 13 6 20 1 17 14 14 17 
7 16 11 6 7 15 20 13 20 15 13 12 20 1 12 14 14 20 
7 16 11 8 2 14 7 7 15 7 11 7 20 1 7 14 8 17 
7 16 11 18 17 9 7 7 19 11 7 2 13 1 12 14 7 16 
7 16 11 18 15 20 19 8 15 15 20 2 20 1 19 14 15 16 
7 16 11 18 7 14 17 8 19 2 20 7 14 1 14 14 14 16 
7 16 11 18 7 14 7 8 19 2 9 7 14 1 14 14 7 16 
7 16 11 18 7 14 20 6 15 2 13 20 20 1 12 17 14 14 
7 16 11 18 7 14 15 8 15 9 20 20 20 1 12 17 14 14 
7 16 11 6 7 14 20 13 19 2 9 4 2 1 12 14 14 20 
7 16 11 8 20 14 7 13 15 14 7 19 20 1 19 14 8 19 
7 16 11 8 20 14 7 6 15 14 2 7 20 1 19 14 8 19 
7 16 11 18 17 14 12 13 20 3 11 7 2 1 14 14 8 20 
7 16 11 18 10 14 13 6 15 7 11 11 2 1 7 14 8 20 
7 16 11 6 2 14 7 8 19 9 12 6 15 1 12 14 7 17 
7 16 11 8 7 14 7 6 19 2 13 7 19 1 12 14 14 14 
7 16 11 8 17 14 20 6 19 3 13 7 11 1 14 14 14 14 
7 16 11 6 15 14 15 13 19 3 20 2 13 1 12 14 7 17 
7 16 11 6 17 14 2 20 19 3 13 2 13 1 12 14 14 16 
7 16 11 8 7 20 7 6 15 2 12 19 20 1 7 14 8 9 
7 16 11 8 7 14 7 15 19 2 12 7 13 1 12 14 7 9 
7 16 11 6 15 14 20 7 19 18 11 9 20 1 20 14 8 7 
7 16 11 6 15 14 20 9 19 7 18 14 2 1 12 14 7 7 
7 16 12 18 10 14 7 8 19 7 20 6 13 1 11 14 14 16 
7 16 12 18 10 9 7 8 15 9 13 6 2 1 11 14 3 16 
7 16 12 18 15 14 15 6 15 15 9 7 20 1 19 14 7 16 
7 16 12 18 4 14 7 7 19 7 8 6 14 1 12 14 7 16 
7 16 11 6 15 14 15 8 17 3 13 9 14 1 19 14 14 14 
7 16 11 18 13 14 7 8 19 2 8 6 13 1 6 14 7 17 
7 16 12 8 19 14 15 13 2 15 7 12 20 1 14 14 6 17 
7 16 11 18 7 14 7 7 19 2 9 6 13 1 7 14 6 17 
7 16 11 18 7 14 7 7 19 2 8 7 13 1 7 14 6 17 
7 16 11 18 17 14 15 8 20 14 20 7 17 1 20 14 14 17 
7 16 11 18 17 14 15 8 15 14 20 7 20 1 20 14 14 17 
7 1 11 18 7 14 15 8 19 9 20 7 2 1 7 19 14 7 
7 1 11 18 15 9 15 6 15 15 20 7 20 1 19 14 14 17 
7 1 11 8 7 14 20 8 19 2 11 16 2 1 12 14 15 17 
7 1 11 8 19 14 20 14 19 2 20 4 2 1 14 14 4 17 
7 16 11 18 19 14 20 7 19 2 7 4 15 1 14 14 8 14 
7 16 11 18 19 14 20 8 13 2 13 2 7 1 14 14 15 14 
7 16 12 6 20 14 7 7 3 7 9 7 2 1 12 14 9 17 
7 16 12 6 15 14 7 7 20 17 19 3 12 1 4 14 6 17 
7 1 11 6 19 14 7 6 19 2 11 6 15 1 14 14 8 20 
7 1 11 6 15 14 20 6 15 14 11 15 20 1 20 14 8 20 
7 16 11 6 15 14 19 13 19 3 13 12 2 1 14 14 4 16 
7 16 11 6 7 14 7 13 19 2 7 2 2 1 12 14 7 16 
7 16 11 8 15 14 19 8 19 3 20 18 13 1 14 19 14 7 
7 16 11 8 2 14 7 8 19 15 13 14 19 1 14 19 3 7 
7 16 11 8 7 14 7 18 17 2 11 7 1 1 12 14 7 16 
7 16 11 8 7 14 7 8 17 2 11 7 1 1 12 14 7 16 
7 16 11 6 7 14 7 11 19 2 11 18 13 1 14 14 8 20 
7 16 11 6 7 9 7 11 20 2 11 7 13 1 14 14 8 20 
7 16 11 8 7 14 7 13 19 17 7 7 2 1 12 14 7 14 
7 16 11 8 15 14 19 13 19 3 7 7 2 1 14 14 8 14 
7 16 11 18 19 14 7 8 15 15 7 7 20 1 4 14 8 16 
7 16 12 18 15 9 20 7 19 2 11 7 2 1 19 14 15 16 
7 16 12 18 15 14 20 20 19 2 11 15 2 1 19 14 14 16 
7 16 11 18 15 14 15 7 19 3 20 19 16 1 19 14 14 20 
7 16 11 18 20 14 15 20 19 14 18 13 7 1 18 14 6 20 
7 16 11 18 20 14 15 6 19 14 9 13 7 1 3 14 18 20 
7 16 11 6 7 14 20 8 15 2 13 19 2 1 13 14 14 16 
7 1 11 6 7 14 7 6 19 15 13 20 20 1 12 14 14 16 
7 1 11 6 7 14 7 7 19 15 13 15 20 1 12 14 14 16 
7 16 12 8 15 20 20 7 15 3 13 7 20 1 14 14 14 16 
7 16 11 6 15 20 15 8 15 15 20 6 20 1 20 14 14 17 
7 16 11 6 14 20 14 8 15 20 20 6 20 1 14 14 14 17 
7 16 11 18 7 14 20 8 19 17 7 2 2 1 13 14 7 7 
7 16 11 18 7 14 20 8 19 17 11 4 2 1 13 14 14 7 
7 16 12 18 15 14 20 14 19 17 20 3 16 1 19 14 15 20 
7 16 12 6 7 14 7 4 20 2 20 7 2 1 12 14 14 16 
7 16 12 6 10 14 14 6 15 14 20 7 2 1 20 14 14 16 
7 16 11 18 19 14 20 7 15 15 13 19 20 1 14 14 14 16 
7 16 11 18 19 14 20 7 2 15 13 7 20 1 14 14 14 16 
7 16 11 6 14 14 19 7 19 19 13 7 15 1 15 14 14 14 
7 16 11 6 7 14 7 4 2 15 8 7 20 1 12 14 7 14 
7 16 11 18 20 9 14 7 19 17 12 19 17 1 12 14 14 14 
7 16 11 18 7 9 7 8 19 9 13 19 14 1 12 14 14 14 
7 16 11 18 7 14 20 6 13 19 18 6 19 1 14 19 14 14 
7 16 12 6 19 14 2 18 20 2 11 15 2 1 14 14 14 16 
7 16 12 6 10 14 2 18 19 7 13 19 2 1 14 14 7 16 
7 17 11 20 19 13 20 13 13 2 13 7 2 1 14 14 4 20 
7 17 11 20 19 14 20 18 13 2 13 6 2 1 14 14 4 20 
7 16 11 18 17 14 7 8 19 3 11 15 2 1 14 14 8 20 
7 16 11 18 15 14 19 8 19 3 11 15 2 1 14 14 8 20 
7 16 11 6 15 14 15 6 15 15 20 20 2 1 19 14 14 14 
7 16 11 6 20 14 15 8 15 15 20 6 2 1 18 14 14 14 
7 1 11 6 15 14 20 8 19 7 2 14 14 1 19 14 7 7 
7 16 12 18 15 14 3 14 15 14 20 7 20 1 19 14 14 16 
7 16 12 8 15 14 20 7 17 14 20 2 16 1 19 14 14 16 
7 1 11 8 19 14 2 6 15 2 13 6 20 1 14 19 3 7 
7 1 11 8 20 14 17 7 15 7 14 7 20 1 14 19 16 7 
7 16 11 8 19 14 20 13 19 17 13 19 16 1 14 14 4 17 
7 16 11 8 19 14 20 13 15 17 20 2 16 1 14 14 14 16 
7 16 11 18 13 14 8 8 19 1 8 14 2 1 6 14 8 16 
7 1 11 18 20 14 14 7 19 2 14 16 16 1 14 14 4 17 
7 1 11 18 7 14 13 13 19 2 19 2 16 1 13 14 7 17 
7 16 11 6 10 14 15 7 19 19 20 7 2 1 14 14 4 9 
7 16 11 8 7 20 20 7 15 2 13 7 20 1 12 14 14 16 
7 16 11 8 7 14 20 9 19 2 13 7 13 1 12 14 14 16 
7 16 11 18 19 14 20 8 19 2 13 8 20 1 14 7 14 13 
7 16 11 18 20 14 14 8 15 17 13 7 16 1 14 14 4 20 
7 16 11 6 10 14 11 18 19 14 11 14 14 1 14 14 4 17 
7 16 11 6 7 14 13 18 19 2 11 14 2 1 14 14 6 17 
7 16 11 6 15 14 20 7 19 7 9 2 2 1 6 19 4 7 
7 16 11 18 17 14 7 8 2 3 12 20 1 1 14 14 8 16 
7 16 11 18 7 14 7 7 19 2 12 6 1 1 14 14 8 16 
7 16 11 8 15 14 13 13 19 2 11 20 2 1 19 17 14 14 
7 16 11 8 7 14 13 13 19 11 11 12 2 1 1 17 14 14 
7 1 11 8 19 14 20 13 13 15 13 18 20 1 14 14 14 16 
7 1 11 8 17 14 20 13 19 14 13 19 2 1 12 14 14 16 
7 16 11 18 15 14 15 7 19 2 20 6 2 1 19 14 14 17 
7 16 11 18 15 14 15 6 19 2 20 6 2 1 19 14 14 17 
7 16 12 8 10 14 15 13 19 7 20 15 9 1 19 14 14 17 
7 16 12 18 20 14 7 6 19 9 9 2 16 1 12 14 7 17 
7 16 12 18 10 14 19 6 19 15 9 7 20 1 19 14 8 17 
7 16 11 18 7 14 3 15 20 2 20 19 2 1 19 14 6 17 
7 1 11 18 16 14 3 7 19 3 20 2 3 1 14 14 14 16 
7 1 11 18 7 14 19 7 19 2 20 2 2 1 14 14 14 16 
7 16 12 18 15 14 20 13 19 15 13 7 20 1 20 14 14 14 
7 16 12 18 15 14 20 13 19 15 13 6 20 1 20 14 14 14 
7 16 12 18 15 14 19 8 19 17 13 6 17 1 19 14 15 14 
7 16 12 18 4 14 7 13 19 17 11 6 17 1 7 14 7 14 
7 16 11 6 7 14 7 8 19 2 9 20 2 1 14 14 8 16 
7 16 11 6 7 14 7 8 19 2 9 7 2 1 12 14 7 16 
7 16 12 6 19 14 3 18 15 14 7 2 14 1 12 14 7 20 
7 16 12 6 20 14 7 13 18 14 13 3 16 1 14 14 17 20 
7 16 11 6 15 14 20 8 13 7 18 15 11 1 19 14 8 20 
7 16 11 6 15 14 20 8 12 15 11 15 20 1 19 14 8 20 
7 16 12 6 15 14 7 11 7 3 13 15 11 1 19 14 6 17 
7 16 12 6 10 14 7 11 7 7 11 19 11 1 12 14 9 17 
7 16 13 8 19 11 7 7 9 11 2 12 13 1 11 14 7 17 
7 16 13 8 19 11 15 8 9 11 9 12 13 1 14 14 14 17 
7 16 11 18 19 14 2 7 19 2 20 6 19 1 14 14 14 17 
7 16 11 18 15 14 20 8 3 15 20 8 3 1 18 14 14 17 
7 16 12 8 15 9 20 7 19 15 13 17 20 1 19 14 14 16 
7 16 12 8 15 20 20 7 15 15 13 17 20 1 19 14 14 16 
7 16 11 18 20 14 14 8 19 2 20 9 16 1 14 14 14 14 
7 16 11 18 15 14 12 8 19 3 20 2 13 1 13 7 14 11 
7 16 11 18 7 14 19 18 19 15 2 7 20 1 14 7 20 13 
7 16 11 18 17 14 20 8 19 3 9 7 2 1 14 14 6 16 
7 16 11 18 15 14 20 8 19 2 13 7 2 1 19 14 14 16 
7 16 12 18 7 14 15 7 19 2 20 7 2 1 6 14 8 17 
7 16 12 6 19 14 13 7 19 2 12 7 14 1 14 14 6 20 
7 16 12 6 19 14 13 7 19 2 12 7 14 1 14 14 6 20 
7 16 11 18 7 14 7 8 19 9 20 19 14 1 11 14 14 17 
7 16 11 6 20 14 7 13 20 17 11 7 17 1 14 14 4 17 
7 16 11 6 19 14 7 13 20 2 11 7 17 1 14 14 4 17 
7 1 11 8 7 14 7 7 13 2 8 7 2 1 12 14 7 17 
7 1 11 8 7 14 7 13 18 2 8 3 2 1 12 14 7 17 
7 16 12 18 10 14 7 8 19 7 11 7 2 1 12 14 7 17 
7 16 12 18 14 14 7 8 19 3 11 7 2 1 19 14 8 17 
7 16 11 18 20 9 15 8 7 15 11 7 19 1 14 14 8 20 
7 16 11 18 19 9 7 8 7 2 11 8 15 1 14 14 8 20 
7 16 11 8 7 19 17 8 15 2 11 7 2 1 12 14 7 20 
7 16 11 8 7 17 17 8 13 2 11 7 2 1 12 14 7 20 
7 16 11 6 19 14 20 18 19 2 12 15 13 1 14 14 4 16 
7 16 12 8 19 14 20 11 17 17 13 2 16 1 14 7 14 11 
7 16 12 8 19 14 20 8 17 17 13 7 16 1 14 7 14 11 
7 16 11 18 15 14 17 11 20 14 12 15 2 1 19 14 8 20 
7 16 11 18 15 14 15 8 20 16 11 7 2 1 19 14 8 20 
7 16 12 6 19 14 19 7 15 15 2 7 20 1 14 14 4 16 
7 16 12 6 19 14 19 8 19 11 20 7 2 1 14 14 4 16 
7 16 11 8 7 14 7 7 19 2 13 7 2 1 7 14 6 16 
7 16 11 8 7 14 7 7 2 2 13 7 2 1 7 14 6 16 
7 16 11 6 15 14 20 8 19 14 12 19 2 1 20 14 8 17 
7 16 12 8 15 14 20 8 19 15 13 14 14 1 19 14 15 16 
7 16 12 8 15 14 13 7 15 17 11 13 2 1 19 14 7 16 
7 16 12 6 15 9 7 7 19 15 7 20 20 1 19 14 8 17 
7 16 11 18 15 20 7 8 15 15 7 20 20 1 19 14 8 17 
7 16 11 8 19 14 3 8 15 15 2 7 20 1 14 14 7 17 
7 16 11 18 19 14 3 8 15 15 13 7 20 1 16 14 3 17 
7 16 11 18 15 14 20 7 15 14 11 7 20 1 20 14 8 17 
7 16 11 18 4 14 9 15 15 17 20 14 20 1 12 14 7 17 
7 16 12 18 17 14 7 16 15 2 18 12 20 1 2 14 14 19 
7 16 11 18 7 14 7 6 15 15 13 12 20 1 13 14 3 19 
7 16 11 8 19 14 19 9 19 2 13 7 7 1 14 14 4 16 
7 16 11 8 10 14 7 16 15 11 11 7 20 1 14 14 8 16 
7 1 11 6 19 14 13 8 20 2 9 7 20 1 14 14 14 16 
7 1 11 6 19 14 15 8 20 2 20 7 20 1 14 14 4 16 
7 16 11 18 2 14 7 7 15 7 19 7 20 1 12 19 14 15 
7 16 11 18 20 14 14 8 19 2 20 6 15 1 12 14 14 16 
7 16 11 18 2 14 20 7 19 9 20 6 13 1 12 14 14 16 
7 16 11 18 3 14 17 13 19 16 14 7 2 1 14 14 4 20 
7 16 11 18 3 14 16 13 19 16 18 2 2 1 14 14 14 20 
7 16 11 6 17 14 14 8 20 3 20 9 13 1 19 14 14 20 
7 16 11 6 15 14 20 8 17 17 20 15 16 1 14 14 14 20 
7 16 11 6 7 14 7 18 13 2 9 12 13 1 19 14 8 20 
7 16 11 6 15 14 20 18 15 15 20 12 20 1 19 20 15 15 
7 16 11 6 10 14 19 6 15 15 7 20 20 1 19 14 14 17 
7 16 11 6 7 14 7 6 15 15 13 7 20 1 3 14 3 17 
7 16 12 8 19 14 20 8 3 2 13 7 2 1 14 14 14 14 
7 16 12 8 19 14 20 8 15 2 13 7 14 1 14 14 14 14 
7 16 12 6 15 14 20 7 19 17 15 7 14 1 19 14 14 16 
7 16 12 6 15 14 3 7 19 17 20 7 14 1 19 14 14 16 
7 16 12 8 10 14 13 13 18 12 11 13 15 1 19 14 8 17 
7 16 12 8 17 14 20 3 19 3 17 13 7 1 12 14 14 17 
7 16 11 6 15 14 20 20 19 7 11 7 13 1 12 14 17 20 
7 16 11 6 19 14 20 7 19 2 13 7 13 1 14 14 14 16 
7 16 12 6 17 20 7 7 15 2 13 12 20 1 12 19 11 7 
7 16 11 8 2 14 8 7 19 7 7 8 14 1 7 14 7 16 
7 16 11 8 7 14 7 7 15 9 13 7 20 1 7 14 7 16 
7 16 11 8 17 14 17 13 2 14 20 7 17 1 3 14 14 16 
7 16 11 8 17 18 17 7 15 14 20 7 20 1 3 14 14 16 
7 16 11 18 17 14 3 18 13 3 20 7 11 1 6 14 8 16 
7 16 11 18 20 14 3 18 13 7 20 7 7 1 6 14 8 16 
7 16 11 8 15 18 15 7 15 15 11 7 20 1 19 14 8 17 
7 16 11 8 15 2 15 7 19 2 11 15 13 1 19 14 8 17 
7 16 11 18 15 14 20 8 19 15 11 14 20 1 20 14 8 17 
7 16 11 18 7 14 7 8 19 17 7 2 17 1 12 14 7 17 
7 16 12 6 20 20 20 8 15 15 18 6 20 1 12 7 14 11 
7 16 12 6 15 20 20 8 15 15 18 6 20 1 17 17 14 14 
7 1 11 6 17 14 3 8 2 3 3 2 2 1 17 7 16 13 
7 1 11 6 17 14 3 8 2 3 2 2 2 1 17 7 20 13 
7 1 11 18 17 14 7 7 19 2 9 2 14 1 12 14 7 17 
7 1 11 18 15 14 7 7 19 17 9 7 16 1 12 14 7 17 
7 16 12 18 15 14 20 8 19 2 13 15 14 1 19 14 14 17 
7 16 12 6 7 14 20 8 19 2 13 12 13 1 2 14 14 17 
7 16 11 18 2 9 13 13 7 13 11 7 2 1 12 7 14 11 
7 16 11 18 2 14 14 13 19 13 11 7 2 1 20 14 14 17 
7 16 11 8 19 2 20 8 19 17 18 20 16 1 14 14 14 16 
7 16 11 8 19 14 20 8 19 17 18 6 16 1 14 14 14 16 
7 16 11 18 15 14 19 13 19 17 11 6 16 1 14 14 8 20 
7 16 11 18 15 14 20 13 19 17 19 6 16 1 12 14 7 20 
7 16 11 18 20 14 14 9 20 2 11 2 12 1 14 14 8 20 
7 16 11 18 7 14 7 9 19 2 11 20 13 1 14 14 8 20 
7 16 11 6 7 14 15 14 19 2 20 6 13 1 2 14 14 20 
7 16 11 6 7 14 15 6 19 2 20 19 2 1 2 14 14 20 
7 16 12 6 19 19 20 8 17 19 13 7 14 1 3 14 14 14 
7 16 12 6 15 14 20 13 19 2 13 15 11 1 19 14 14 14 
7 16 12 8 20 14 14 8 20 15 13 13 20 1 14 14 14 16 
7 16 12 8 15 14 19 8 15 15 13 6 20 1 14 14 14 16 
7 16 11 18 15 14 20 14 19 3 17 7 2 1 19 14 15 9 
7 16 11 18 7 14 13 7 19 15 13 7 20 1 14 14 4 9 
7 16 12 18 15 14 15 13 19 3 20 2 2 1 19 14 14 16 
7 16 12 18 15 14 15 13 19 3 20 2 2 1 19 14 14 16 
7 16 11 6 20 20 17 7 15 2 7 6 16 1 14 14 14 14 
7 16 11 6 20 14 13 18 19 14 11 15 16 1 14 14 14 14 
7 16 12 18 2 14 7 7 19 7 8 4 2 1 12 14 7 17 
7 16 12 18 19 14 15 14 19 17 11 4 2 1 14 14 4 17 
7 16 11 8 20 14 14 8 19 2 20 2 13 1 12 14 14 16 
7 16 11 8 17 14 7 8 19 3 13 15 13 1 14 14 4 20 
7 16 11 6 7 14 19 7 19 2 9 6 7 1 2 14 8 17 
7 16 11 6 15 14 19 15 19 2 7 6 7 1 19 14 6 17 
7 1 11 18 15 14 20 14 19 17 20 15 16 1 19 14 14 20 
7 1 11 18 15 14 20 11 19 15 17 7 20 1 20 14 14 20 
7 16 11 18 4 14 7 13 19 9 11 7 13 1 12 14 7 16 
7 16 11 18 4 20 7 13 15 17 11 7 16 1 12 14 7 16 
7 16 11 18 19 14 20 8 15 17 13 19 20 1 15 14 14 14 
7 16 11 18 17 14 7 8 19 3 7 20 7 1 12 14 7 14 
7 16 11 6 2 14 7 14 19 15 20 19 20 1 7 14 7 16 
7 16 11 8 7 14 20 13 19 2 11 3 2 1 12 14 14 16 
7 16 11 8 7 14 7 13 19 2 11 3 2 1 19 20 8 15 
7 16 12 8 2 14 13 8 17 7 11 9 13 1 12 14 9 20 
7 16 12 8 3 14 20 7 3 15 13 9 14 1 12 14 17 20 
7 16 11 18 19 14 13 8 15 15 11 15 20 1 14 14 14 16 
7 16 11 18 19 14 13 8 19 19 11 14 15 1 14 14 14 16 
7 1 11 18 2 14 13 7 13 7 9 4 7 1 18 14 8 16 
7 1 11 18 19 14 13 11 2 2 9 4 2 1 14 14 8 16 
7 16 11 18 7 14 20 20 19 2 11 20 2 1 12 14 14 16 
7 16 11 18 2 14 14 20 19 14 11 19 2 1 19 14 8 17 
7 16 11 6 19 14 15 7 19 2 20 11 2 1 14 12 14 10 
7 16 12 8 4 14 7 8 15 15 11 8 20 1 12 14 17 19 
7 16 12 8 19 14 19 8 19 2 9 7 13 1 14 14 8 9 
7 16 11 8 14 14 2 13 19 3 7 7 2 1 14 14 8 9 
7 16 12 8 15 14 7 13 19 2 9 2 20 1 12 14 7 9 
7 16 12 6 10 14 13 8 15 7 11 19 20 1 14 14 8 14 
7 16 12 6 10 14 13 8 13 11 11 19 11 1 14 14 8 14 
7 16 12 18 19 14 20 20 19 11 13 6 2 1 14 14 15 20 
7 16 12 18 19 14 13 6 20 11 11 15 13 1 14 14 4 20 
7 16 12 18 15 14 20 7 15 20 13 14 20 1 14 14 4 9 
7 16 12 18 15 14 20 7 15 20 13 14 20 1 14 14 4 9 
7 16 11 6 7 17 2 13 15 17 2 14 16 1 14 14 8 20 
7 16 11 6 10 17 20 8 15 7 13 14 20 1 12 7 14 13 
7 16 11 18 4 14 7 7 19 7 19 15 14 1 12 14 14 19 
7 16 12 18 15 14 7 8 19 7 4 7 11 1 12 14 16 19 
7 16 11 18 4 14 19 6 15 15 20 7 20 1 4 14 15 16 
7 16 11 18 15 14 20 6 15 15 20 7 20 1 19 14 15 16 
7 16 11 18 7 14 7 8 15 15 13 7 19 1 12 14 14 16 
7 16 11 18 19 9 7 8 19 2 13 7 14 1 14 14 14 16 
7 16 11 18 7 14 2 18 17 2 13 14 14 1 13 14 18 20 
7 16 11 18 2 14 17 18 20 16 14 15 2 1 14 14 4 20 
7 16 11 6 20 14 14 7 19 2 11 7 2 1 14 14 8 14 
7 16 12 18 19 18 7 16 15 15 18 3 20 1 14 14 8 17 
7 16 12 18 19 14 15 6 19 17 18 2 16 1 14 14 4 17 
7 16 11 18 20 17 14 13 17 2 11 7 16 1 14 14 7 17 
7 16 11 18 7 19 7 13 13 2 11 7 11 1 12 14 7 17 
7 16 12 18 15 9 20 13 19 17 18 6 2 1 19 14 14 17 
7 16 11 18 17 14 7 6 19 15 13 6 20 1 3 14 17 17 
7 16 11 18 15 14 20 6 19 19 13 4 15 1 14 14 20 17 
