7 18 12 6 10 16 20 3 2 17 7 7 2 1 19 2 2 10 
7 18 12 6 10 16 20 3 2 17 7 7 2 1 19 2 2 10 
7 18 12 6 10 16 20 3 2 17 7 7 2 1 19 2 2 10 
7 18 12 6 10 16 20 3 2 17 7 7 2 1 19 2 2 10 
7 18 12 6 10 16 20 3 2 17 7 7 2 1 19 2 2 10 
7 18 12 6 10 16 20 3 2 17 7 7 2 1 19 2 2 10 
7 20 12 6 10 16 20 7 2 17 17 7 6 1 19 17 3 9 
7 20 12 6 10 16 20 7 2 17 17 7 6 1 19 17 3 9 
7 20 12 6 10 16 20 7 2 17 17 7 6 1 19 17 3 9 
7 20 12 6 10 16 20 7 2 17 17 7 6 1 19 17 3 9 
7 20 12 6 10 16 20 7 2 17 17 7 6 1 19 17 3 9 
7 20 12 6 10 16 20 7 2 17 17 7 6 1 19 17 3 9 
7 20 12 6 10 16 20 7 2 17 17 7 6 1 19 17 3 9 
7 20 12 6 10 16 20 7 2 17 17 7 6 1 19 17 3 20 
7 20 12 6 10 16 20 7 2 17 17 7 6 1 19 17 3 20 
7 18 12 6 10 16 20 1 2 17 17 7 2 1 19 20 4 20 
7 18 12 6 10 16 20 1 2 17 17 7 2 1 19 20 4 20 
7 16 12 8 10 16 18 2 2 17 17 7 2 1 19 20 6 10 
7 16 12 8 10 16 20 6 2 17 17 7 2 1 19 17 3 7 
7 16 12 8 10 16 20 6 2 17 17 7 2 1 19 17 3 7 
7 16 12 8 10 16 20 6 2 17 17 7 2 1 19 17 3 7 
7 16 12 8 10 16 20 6 2 17 17 7 2 1 19 17 3 7 
7 16 12 8 10 16 20 6 2 17 17 7 2 1 19 17 3 7 
7 16 12 8 10 16 20 6 2 17 17 7 2 1 19 17 3 7 
7 16 12 8 10 16 20 6 2 17 17 7 2 1 19 17 3 7 
7 16 12 8 10 16 20 6 2 17 17 7 2 1 19 17 3 7 
7 16 12 8 10 16 20 6 2 17 17 7 2 1 19 17 3 7 
7 16 12 8 10 16 20 6 2 17 17 7 2 1 19 17 3 7 
7 16 12 8 10 16 20 6 2 17 17 7 2 1 19 17 3 7 
7 16 12 8 10 16 20 6 2 17 17 7 2 1 19 17 3 7 
7 16 12 8 10 16 20 6 2 17 17 7 2 1 19 17 3 7 
7 16 12 8 10 16 20 6 2 17 17 7 2 1 19 17 3 7 
7 16 12 8 10 16 20 6 2 17 17 7 2 1 19 17 3 7 
7 16 12 8 10 16 20 6 2 17 17 7 2 1 19 17 3 7 
7 16 12 8 10 16 20 6 2 17 17 7 2 1 19 17 3 7 
7 16 12 8 10 16 20 6 2 17 17 7 2 1 19 17 3 7 
7 16 12 8 10 16 20 6 2 17 17 7 2 1 19 17 3 7 
7 16 12 8 10 16 20 6 2 17 17 7 2 1 19 17 3 7 
7 16 12 8 10 16 20 6 2 17 17 7 2 1 19 17 3 7 
7 16 12 8 10 16 20 6 2 17 17 7 2 1 19 17 3 7 
7 16 12 8 10 16 20 6 2 17 17 7 2 1 19 17 3 7 
7 16 12 8 10 16 20 6 2 17 17 7 2 1 19 17 3 7 
7 16 12 8 10 16 20 6 2 17 17 7 2 1 19 17 3 7 
7 16 12 8 10 16 20 6 2 17 17 7 2 1 19 17 3 7 
7 16 12 8 10 16 20 6 2 17 17 7 2 1 19 17 3 7 
7 16 12 8 10 16 20 6 2 17 17 7 2 1 19 17 3 7 
7 16 12 8 10 16 20 6 2 17 17 7 2 1 19 17 3 7 
7 16 12 8 10 16 20 6 2 17 17 7 2 1 19 17 3 7 
7 16 12 8 10 16 20 6 2 17 17 7 2 1 19 17 3 7 
7 16 12 8 10 16 20 6 2 17 17 7 2 1 19 17 3 7 
7 16 12 8 10 16 20 6 2 17 17 7 2 1 19 17 3 7 
7 16 12 8 10 16 20 8 2 17 17 7 2 1 19 17 4 10 
7 16 12 8 10 16 20 6 2 17 17 7 2 1 19 17 4 10 
7 16 12 8 10 16 20 6 2 17 17 7 2 1 19 17 4 3 
7 16 12 8 10 16 20 6 2 17 17 7 2 1 19 17 4 10 
7 16 12 6 10 16 20 6 2 17 17 7 2 1 19 17 3 12 
7 16 12 4 10 16 20 6 2 17 17 7 2 1 19 4 8 4 
7 16 12 4 10 16 20 6 2 17 17 7 2 1 19 4 8 4 
7 16 12 4 10 16 20 6 2 17 17 7 2 1 19 4 8 4 
7 16 12 4 10 16 20 6 2 17 17 7 2 1 19 4 8 4 
7 16 12 4 10 16 20 6 2 17 17 7 2 1 19 4 8 4 
7 16 12 8 10 16 20 6 2 17 17 7 2 20 20 20 10 4 
7 18 12 8 10 16 20 6 2 17 17 7 2 20 20 3 2 4 
7 18 12 8 10 16 20 6 2 17 17 7 2 20 20 3 2 4 
7 18 12 8 10 16 20 6 2 17 17 7 2 20 20 3 2 4 
7 18 12 6 10 16 20 6 2 17 17 7 2 1 19 3 3 14 
7 16 12 6 10 16 20 6 2 17 17 7 2 1 19 18 3 7 
7 16 12 6 10 16 20 6 2 17 17 7 2 1 19 18 3 7 
7 16 12 6 10 16 20 6 2 17 17 7 2 1 19 18 3 7 
7 16 12 6 10 16 20 6 2 17 17 7 2 1 19 18 3 7 
7 16 12 6 10 16 20 6 2 17 17 7 2 1 19 18 3 7 
7 16 12 6 10 16 20 6 2 17 17 7 2 1 19 18 3 7 
7 16 12 6 10 16 20 6 2 17 17 7 2 1 19 18 3 7 
7 16 12 6 10 16 20 6 2 17 17 7 2 1 19 18 3 7 
7 3 12 6 10 16 20 6 2 17 17 7 2 1 19 18 3 17