7 16 11 8 7 14 7 8 19 9 13 20 14 1 12 14 4 7 
7 16 11 8 20 14 14 7 19 13 3 6 7 1 12 14 4 7 
7 16 11 8 10 14 7 13 20 14 12 7 20 1 14 16 3 3 
7 16 11 8 19 14 7 13 19 2 13 9 13 1 14 16 3 3 
7 16 11 8 20 14 7 6 13 11 11 2 9 1 20 14 4 7 
7 16 11 8 19 19 19 7 15 15 13 20 20 1 14 14 17 7 
7 16 11 8 7 14 7 8 18 2 11 20 15 1 9 14 8 11 
7 16 12 8 19 14 15 7 15 12 13 19 20 1 14 14 18 7 
7 16 12 8 15 20 15 6 15 17 11 6 2 1 19 6 18 7 
7 16 11 8 7 19 7 7 19 9 13 6 2 1 12 6 18 7 
7 16 12 8 15 14 20 7 19 19 13 20 2 1 14 14 15 16 
7 16 11 8 19 14 20 8 15 15 13 12 20 1 14 14 6 19 
7 16 11 8 19 14 20 6 15 15 13 15 20 1 14 14 6 19 
7 16 11 8 19 14 20 8 19 2 20 6 16 1 14 19 4 11 
7 16 11 8 19 14 20 8 19 2 11 6 16 1 14 19 15 11 
7 16 11 8 10 20 13 15 15 7 13 20 2 1 13 14 18 3 
7 16 11 8 7 20 13 15 15 2 13 7 2 1 13 14 18 3 
7 16 11 8 7 14 7 13 19 2 13 2 13 1 6 19 3 7 
7 16 12 8 10 14 7 7 19 9 8 2 13 1 6 19 7 7 
7 16 12 8 19 14 20 7 19 2 12 19 13 1 14 14 18 19 
7 16 12 8 19 9 20 7 2 2 12 19 13 1 14 14 15 19 
7 16 12 8 19 14 20 8 19 14 12 6 16 1 15 14 18 7 
7 16 12 8 19 14 20 15 19 14 20 6 16 1 15 14 15 7 
7 16 11 8 4 14 7 18 19 17 11 14 2 1 14 11 18 7 
7 16 11 8 17 14 7 7 19 3 13 20 2 1 14 11 18 7 
7 16 11 8 15 14 19 13 2 14 11 4 2 1 19 14 15 11 
7 16 11 8 17 14 7 3 2 14 11 4 2 1 2 14 7 11 
7 16 12 8 17 15 20 20 19 14 13 2 20 1 12 14 15 16 
7 16 12 8 17 15 20 7 20 14 13 2 2 1 17 14 6 16 
7 16 11 8 19 14 15 8 2 17 20 7 2 1 14 14 14 3 
7 16 11 8 7 14 7 13 19 17 7 7 2 1 9 14 7 3 
7 16 12 8 19 14 13 11 15 15 9 15 20 1 14 14 6 7 
7 16 11 8 20 14 14 11 19 13 13 19 9 1 17 14 4 7 
7 16 12 8 20 14 14 8 19 13 13 4 2 1 12 14 20 12 
7 16 12 8 17 14 13 7 20 3 13 4 13 1 13 14 18 12 
7 16 11 8 10 14 7 18 19 7 9 6 7 1 17 14 8 7 
7 16 11 8 10 14 20 18 19 7 14 6 13 1 7 14 6 7 
7 16 11 8 19 14 20 8 15 2 13 4 3 1 14 14 15 3 
7 16 11 8 19 14 20 8 15 2 13 2 2 1 14 14 15 3 
7 16 12 8 4 14 7 7 19 17 11 7 14 1 12 14 6 17 
7 16 12 8 15 14 7 7 19 17 13 7 14 1 19 14 3 17 
7 16 12 8 19 14 7 13 19 11 13 14 13 1 13 14 12 10 
7 16 12 8 15 14 20 7 19 17 7 2 16 1 14 14 8 10 
7 16 12 8 15 14 20 8 13 15 20 6 20 1 19 7 15 11 
7 16 12 8 7 14 20 7 19 15 20 7 20 1 12 7 15 11 
7 16 11 8 6 14 7 11 19 13 13 2 13 1 12 14 18 7 
7 16 11 8 6 14 7 11 19 13 13 20 13 1 12 14 18 7 
7 16 12 8 7 14 7 9 19 7 11 20 13 1 12 14 18 16 
7 16 12 8 7 14 7 8 19 7 11 6 13 1 12 14 18 16 
7 16 11 8 4 14 7 13 19 7 12 2 13 1 12 14 18 7 
7 16 12 8 15 20 19 8 15 3 13 6 20 1 19 14 15 3 
7 16 12 8 17 9 7 13 19 3 11 7 2 1 2 4 7 7 
7 16 12 8 15 9 7 13 13 19 11 7 2 1 2 4 7 7 
7 16 12 8 7 14 7 13 17 2 11 20 16 1 12 11 12 7 
7 16 12 8 19 14 7 6 17 2 2 15 16 1 14 14 7 20 
7 16 12 8 17 14 7 18 17 7 13 2 2 1 12 14 12 7 
7 16 12 8 17 14 7 7 7 7 13 2 2 1 12 14 12 7 
7 16 11 8 10 14 7 6 13 20 13 7 7 1 14 14 4 7 
7 16 11 8 10 14 15 6 19 20 20 12 7 1 15 14 17 7 
7 16 12 8 20 14 15 7 20 15 13 3 20 1 14 7 4 11 
7 16 12 8 10 14 7 13 19 20 13 2 13 1 14 12 4 7 
7 16 12 8 19 14 20 20 19 2 12 7 13 1 14 11 3 7 
7 16 12 8 19 14 17 9 19 2 14 7 13 1 14 15 16 20 
7 16 11 8 19 14 15 7 19 2 20 2 14 1 14 14 17 7 
7 16 12 8 15 14 15 11 19 19 8 2 19 1 2 11 18 7 
7 16 12 8 15 14 15 13 19 19 20 2 19 1 2 11 18 7 
7 16 11 8 7 14 7 8 15 9 8 12 20 1 12 14 7 20 
7 16 11 8 7 14 7 8 15 9 11 7 20 1 12 14 6 20 
7 16 12 8 10 20 7 7 15 11 11 19 20 1 12 14 18 16 
7 16 12 8 10 20 7 8 15 11 11 15 20 1 12 14 18 16 
7 16 11 8 17 14 8 18 2 14 7 4 20 1 14 14 17 3 
7 16 11 8 19 14 7 13 2 17 13 4 1 1 14 14 17 3 
7 16 11 8 19 14 20 7 7 13 13 7 13 1 14 14 3 17 
7 16 11 8 10 14 7 7 15 7 13 7 16 1 11 14 14 3 
7 16 12 8 15 14 19 13 15 15 13 7 20 1 14 14 4 7 
7 16 11 8 7 14 7 13 19 17 11 7 2 1 14 14 4 7 
7 16 12 8 19 14 7 9 19 2 13 7 14 1 14 14 4 7 
7 16 11 8 7 14 7 6 19 2 11 2 2 1 12 14 12 7 
7 16 11 8 4 14 7 8 20 15 11 15 20 1 12 14 8 7 
7 16 12 8 17 14 20 8 20 3 11 7 13 1 12 14 8 7 
7 16 12 8 15 20 20 13 15 14 13 7 2 1 20 14 6 3 
7 16 12 8 15 14 20 13 19 14 20 7 2 1 20 14 15 3 
7 16 12 8 15 14 20 9 19 15 20 12 14 1 19 14 15 7 
7 16 12 8 15 14 7 9 19 3 20 12 14 1 2 14 7 7 
7 16 11 8 7 14 7 9 19 2 13 20 13 1 13 14 18 11 
7 16 12 8 20 14 14 18 17 15 13 19 20 1 14 14 15 11 
7 16 12 8 20 14 15 18 17 15 7 19 20 1 14 14 8 11 
7 16 12 8 17 14 17 13 15 14 11 2 20 1 17 14 17 17 
7 16 11 8 3 14 4 20 20 14 7 2 2 1 12 14 7 17 
7 16 11 8 19 14 20 13 20 17 12 6 16 1 14 14 4 7 
7 16 11 8 14 14 19 13 20 17 20 4 16 1 14 14 4 7 
7 16 11 8 10 14 13 11 15 15 13 7 20 1 14 7 4 11 
7 16 11 8 10 14 13 11 3 9 13 3 13 1 11 14 18 7 
7 16 11 8 6 14 8 13 19 13 7 7 13 1 12 14 7 3 
7 16 11 8 6 14 8 13 19 13 7 12 13 1 12 14 7 3 
7 16 11 8 19 20 20 18 15 13 12 6 20 1 14 14 4 14 
7 16 12 8 10 14 20 18 13 12 12 6 13 1 14 14 18 10 
7 16 11 8 4 14 20 20 7 19 11 2 2 1 14 14 4 2 
7 16 11 8 4 14 20 7 19 19 13 2 2 1 14 14 15 14 
7 16 11 8 10 14 7 13 17 7 13 20 16 1 12 14 14 3 
7 16 11 8 19 14 7 20 19 2 13 19 13 1 14 14 14 3 
7 16 11 8 7 17 7 7 13 7 13 7 11 1 12 14 17 7 
7 16 12 8 15 14 15 8 19 3 11 6 2 1 19 12 19 7 
7 16 12 8 15 14 7 7 19 3 7 7 2 1 12 17 7 12 
7 16 11 8 19 14 7 7 19 2 11 7 15 1 14 14 17 11 
7 16 11 8 19 14 19 7 7 2 13 12 7 1 17 14 15 3 
7 16 11 8 7 14 20 13 15 2 20 19 2 1 12 14 15 17 
7 16 11 8 15 14 20 13 17 3 7 7 2 1 19 14 6 17 
7 16 11 8 7 9 13 8 19 2 20 7 2 1 14 14 17 7 
7 16 12 8 19 14 13 7 15 17 9 7 20 1 17 14 15 7 
7 16 12 8 19 14 7 7 19 11 11 15 16 1 19 14 3 7 
7 16 12 8 15 14 20 18 19 3 14 7 16 1 14 14 3 17 
7 16 12 8 15 14 20 3 15 15 12 7 20 1 19 14 18 17 
7 16 11 8 19 14 7 18 19 2 18 17 13 1 14 14 17 7 
7 16 11 8 19 14 7 18 19 2 18 14 13 1 14 14 17 7 
7 16 11 8 7 14 7 4 19 2 13 7 2 1 14 14 4 3 
7 16 11 8 7 14 7 6 19 2 13 7 2 1 14 14 4 3 
7 16 12 8 10 14 7 7 15 15 13 8 20 1 20 14 18 7 
7 16 12 8 10 14 7 7 15 7 13 8 20 1 9 14 18 7 
7 16 12 8 15 14 15 15 2 15 13 15 20 1 19 14 18 16 
7 16 11 8 19 14 20 7 15 15 13 7 20 1 14 19 18 11 
7 16 11 8 19 14 20 13 2 2 20 2 2 1 14 19 15 11 
7 16 11 8 15 14 20 8 19 13 15 6 13 1 19 14 3 20 
7 16 11 8 7 14 20 8 19 17 12 6 14 1 16 14 18 20 
7 16 11 8 19 14 7 13 19 2 13 7 2 1 14 14 3 16 
7 16 11 8 15 14 20 8 19 15 20 8 13 1 20 14 15 7 
7 16 12 8 15 14 7 13 17 17 13 2 14 1 19 17 3 11 
7 16 12 8 15 14 7 13 2 15 13 7 20 1 19 17 3 11 
7 16 12 8 19 14 15 7 2 15 7 7 20 1 3 14 17 17 
7 16 12 8 15 14 20 7 1 15 7 7 20 1 18 14 20 17 
7 16 12 8 19 20 7 7 15 2 13 20 20 1 14 14 17 16 
7 16 12 8 19 14 20 13 20 11 13 13 13 1 14 14 15 16 
7 16 12 8 6 14 7 7 19 7 13 6 2 1 12 14 14 7 
7 16 12 8 6 14 7 7 19 7 13 3 2 1 12 14 3 7 
7 16 12 8 19 19 7 6 19 2 11 9 2 1 14 14 9 7 
7 16 11 8 19 14 15 13 19 17 7 6 16 1 14 14 17 7 
7 16 11 8 4 14 7 13 19 17 7 6 16 1 17 14 7 7 
7 16 11 8 19 14 19 7 15 14 7 7 20 1 15 14 8 14 
7 16 11 8 20 14 17 7 15 14 20 7 20 1 14 14 8 14 
7 16 11 8 7 14 7 13 13 2 13 2 12 1 14 14 6 11 
7 16 11 8 20 14 14 13 15 2 13 2 2 1 14 14 17 11 
7 16 11 8 7 14 11 18 19 2 13 7 2 1 13 14 11 19 
7 16 11 8 19 14 7 18 19 2 13 7 2 1 14 14 18 19 
7 16 12 8 10 14 7 7 13 9 7 7 7 1 12 14 7 3 
7 16 11 8 10 14 7 7 19 13 8 7 7 1 12 14 11 3 
7 16 12 8 15 14 20 8 19 15 13 2 20 1 19 14 15 14 
7 16 12 8 15 14 20 8 2 15 13 14 2 1 19 14 15 14 
7 16 11 8 10 14 20 7 19 9 20 7 14 1 12 19 15 11 
7 16 11 8 7 14 7 7 15 2 7 7 2 1 12 19 9 11 
7 16 11 8 7 14 20 8 19 7 20 2 2 1 12 17 15 7 
7 16 11 8 20 14 15 9 15 7 14 15 20 1 12 17 20 7 
7 16 12 8 19 14 7 13 19 15 13 20 20 1 14 14 18 7 
7 16 12 8 19 14 7 13 19 14 13 19 2 1 14 14 18 7 
7 16 12 8 7 14 7 13 2 2 11 7 2 1 12 14 7 7 
7 16 11 8 7 14 7 13 20 2 7 7 15 1 12 7 7 11 
7 16 11 8 7 14 7 13 13 2 13 2 2 1 13 14 18 7 
7 16 11 8 10 14 20 11 19 13 20 19 13 1 12 14 7 7 
7 16 11 8 15 14 15 7 15 15 11 20 19 1 19 14 20 3 
7 16 11 8 20 14 14 13 12 11 7 2 2 1 12 19 7 7 
7 16 12 8 19 14 17 13 15 15 7 7 20 1 16 14 17 11 
7 16 12 8 17 14 19 13 19 3 7 6 2 1 14 14 7 11 
7 16 11 8 7 14 20 8 19 2 12 7 14 1 12 14 11 7 
7 16 11 8 4 14 20 4 19 13 12 7 7 1 12 14 11 7 
7 16 12 8 7 11 20 8 19 7 12 6 2 1 12 17 18 17 
7 16 12 8 7 15 20 11 20 7 12 2 2 1 12 17 18 17 
7 16 12 8 17 14 7 8 19 3 7 6 14 1 14 14 7 7 
7 16 12 8 4 14 7 8 19 15 13 6 20 1 14 14 18 7 
7 16 12 8 7 14 20 7 15 7 13 7 20 1 12 14 11 10 
7 16 12 8 15 14 19 20 15 15 13 2 20 1 19 14 14 14 
7 16 12 8 19 14 20 8 19 2 20 6 2 1 14 14 15 3 
7 16 12 8 19 14 7 7 19 2 13 14 2 1 14 14 4 3 
7 16 12 8 17 14 20 8 13 14 20 7 2 1 12 12 15 11 
7 16 12 8 19 14 20 4 15 2 20 7 20 1 15 12 15 11 
7 16 11 8 6 14 7 8 17 7 11 6 2 1 12 14 6 17 
7 16 12 8 6 14 7 18 19 7 11 2 16 1 12 17 7 17 
7 16 12 8 6 14 7 13 19 7 11 2 16 1 12 19 7 7 
7 16 11 8 6 14 7 8 19 7 8 6 2 1 12 11 7 12 
7 16 11 8 6 14 7 8 19 7 11 6 2 1 12 11 11 12 
7 16 11 8 10 14 20 18 19 16 11 7 14 1 13 17 18 3 
7 16 11 8 7 14 7 8 15 9 13 9 20 1 7 14 4 7 
7 16 11 8 7 14 7 8 20 17 13 7 16 1 14 14 4 7 
7 16 12 8 10 14 7 9 19 7 9 2 2 1 7 14 7 7 
7 16 12 8 19 14 7 9 2 2 9 2 2 1 14 14 7 7 
7 16 11 8 20 14 15 13 19 2 20 4 13 1 14 14 4 7 
7 16 11 8 20 17 15 9 20 2 20 4 2 1 14 14 4 7 
7 16 11 8 15 14 7 7 15 2 9 7 20 1 20 14 8 20 
7 16 11 8 15 14 7 7 15 2 19 7 20 1 20 14 8 20 
7 16 11 8 19 14 20 8 15 2 20 9 20 1 14 14 4 7 
7 16 11 8 15 14 20 8 19 20 14 9 7 1 14 14 4 7 
7 16 11 8 7 14 7 13 7 2 8 8 7 1 12 12 7 7 
7 16 11 8 19 14 17 8 19 2 20 15 2 1 14 14 8 17 
7 16 11 8 19 14 17 8 19 2 20 6 2 1 14 14 8 17 
7 16 11 8 19 14 7 7 19 2 13 7 14 1 14 14 14 3 
7 16 11 8 10 14 7 7 19 7 13 7 14 1 7 14 14 3 
7 16 11 8 19 14 7 8 19 2 11 6 15 1 14 14 4 20 
7 16 11 8 17 14 7 7 19 3 13 19 14 1 14 14 3 20 
7 16 12 8 14 14 20 7 19 19 8 12 13 1 14 12 3 7 
7 16 11 8 4 14 20 13 19 19 11 20 13 1 14 12 3 7 
7 16 11 8 7 14 7 13 2 17 13 7 2 1 14 14 4 11 
7 16 11 8 10 14 20 13 19 20 7 8 13 1 14 14 8 3 
7 16 11 8 10 14 20 13 7 20 7 7 13 1 14 14 8 3 
7 16 12 8 19 14 7 6 13 2 13 7 2 1 14 18 18 11 
7 16 12 8 19 14 7 8 19 2 13 2 14 1 14 17 18 3 
7 16 11 8 7 14 20 7 2 2 8 12 13 1 14 14 6 20 
7 16 12 8 15 14 19 7 19 3 13 20 2 1 14 14 14 20 
7 16 11 8 20 14 7 8 15 14 14 4 20 1 14 14 4 7 
7 16 11 8 19 14 20 8 20 15 14 4 20 1 18 14 4 7 
7 16 11 8 19 14 7 9 19 2 13 15 2 1 14 14 4 16 
7 16 11 8 19 14 20 9 19 2 11 2 2 1 14 14 8 16 
7 16 12 8 10 19 20 13 2 7 20 2 2 1 12 19 15 11 
7 16 11 8 17 14 20 13 19 3 13 2 2 1 17 17 3 17 
7 16 11 8 15 14 20 2 15 7 13 2 2 1 6 14 4 20 
7 16 11 8 19 14 15 6 19 2 7 2 2 1 15 14 20 20 
7 16 12 8 3 14 14 3 19 14 7 2 14 1 14 14 20 7 
7 16 11 8 20 20 13 8 15 15 13 6 20 1 14 11 17 7 
7 16 11 8 4 15 7 13 3 7 11 2 11 1 12 14 11 17 
7 16 11 8 4 14 7 13 20 7 11 2 14 1 12 14 11 17 
7 16 12 8 3 14 14 13 19 14 20 20 20 1 19 14 8 7 
7 16 12 8 10 14 14 13 7 14 7 7 7 1 15 14 20 7 
7 16 11 8 19 14 7 8 19 7 12 6 15 1 12 14 12 20 
7 16 11 8 19 14 7 8 19 19 12 6 15 1 2 14 12 20 
7 16 11 8 4 9 7 8 19 7 11 2 13 1 12 14 6 17 
7 16 11 8 4 14 7 7 19 7 11 2 13 1 12 14 6 17 
7 16 12 8 15 14 7 13 20 2 7 7 2 1 19 14 9 11 
7 16 12 8 10 14 7 13 20 7 13 7 2 1 19 14 17 11 
7 16 12 8 7 14 7 13 15 7 11 7 20 1 12 14 18 16 
7 16 12 8 19 14 7 8 15 15 13 7 20 1 14 14 18 16 
7 16 12 8 15 14 17 6 19 18 11 19 2 1 20 17 7 3 
7 16 12 8 4 14 7 6 2 17 11 8 2 1 12 17 7 3 
7 16 12 8 4 14 7 11 20 7 8 7 2 1 18 14 8 11 
7 16 12 8 4 14 7 11 20 7 11 7 2 1 12 14 18 11 
7 16 11 8 7 14 20 6 19 2 7 6 14 1 13 14 18 17 
7 16 12 8 20 9 14 7 19 2 13 7 2 1 12 14 18 11 
7 16 11 8 7 9 7 7 19 7 13 7 2 1 12 14 18 11 
7 16 12 8 20 14 15 7 19 17 13 6 13 1 14 14 14 16 
7 16 12 8 19 14 20 7 19 2 18 6 13 1 14 14 14 16 
7 16 12 8 10 14 7 13 19 15 13 7 2 1 19 14 18 7 
7 16 12 8 19 19 7 13 15 2 13 7 2 1 14 14 18 7 
7 16 12 8 10 14 7 8 17 7 11 9 16 1 14 12 6 7 
7 16 12 8 17 14 7 18 20 7 13 14 2 1 12 14 18 7 
7 16 12 8 17 14 7 18 19 7 13 17 2 1 12 14 18 7 
7 16 12 8 19 14 7 7 19 17 13 7 16 1 14 14 4 20 
7 16 12 8 19 14 7 7 2 15 13 2 20 1 14 14 4 20 
7 16 12 8 19 14 7 8 20 2 11 8 13 1 14 14 8 3 
7 16 12 8 20 14 14 8 2 14 11 19 13 1 14 14 20 3 
7 16 11 8 7 14 7 8 15 17 11 8 20 1 12 12 9 11 
7 16 12 8 6 14 7 8 15 7 11 8 20 1 12 12 9 11 
7 16 11 8 6 14 11 13 19 13 12 12 13 1 17 14 8 7 
7 16 11 8 15 14 20 7 19 2 12 12 2 1 19 14 8 7 
7 16 12 8 10 14 7 7 19 7 7 6 2 1 17 14 7 17 
7 16 12 8 19 14 7 7 19 2 11 6 15 1 14 14 17 17 
7 16 12 8 19 14 15 8 19 14 20 7 16 1 15 14 16 7 
7 16 12 8 19 14 15 8 19 14 13 15 16 1 15 14 20 7 
7 16 11 8 15 14 14 13 19 2 7 20 2 1 17 14 20 17 
7 16 11 8 15 14 19 13 19 13 20 12 13 1 17 14 15 17 
7 16 11 8 20 14 15 13 19 2 13 20 13 1 14 14 17 7 
7 16 11 8 20 14 15 13 19 2 13 2 13 1 14 14 17 7 
7 16 12 8 17 14 7 7 15 3 7 6 20 1 17 14 7 12 
7 16 11 8 20 14 14 7 15 13 7 20 20 1 12 14 19 12 
7 16 11 8 19 20 7 8 15 2 13 6 20 1 14 14 3 17 
7 16 11 8 20 14 15 8 15 15 7 6 20 1 3 14 17 11 
7 16 11 8 17 14 20 8 19 19 2 2 2 1 6 14 7 17 
7 16 11 8 19 14 20 13 15 7 13 2 15 1 12 14 12 17 
7 16 11 8 19 14 7 7 19 2 11 7 13 1 14 14 8 3 
7 16 11 8 19 14 7 13 19 2 11 7 13 1 14 14 8 3 
7 16 11 8 4 20 7 8 15 15 13 2 20 1 17 14 7 11 
7 16 11 8 4 14 7 8 15 15 13 19 20 1 17 14 7 11 
7 16 11 8 15 14 13 9 19 3 13 7 2 1 14 17 6 11 
7 16 11 8 7 9 7 7 19 2 13 7 2 1 14 14 6 20 
7 16 12 8 15 14 15 11 2 19 20 2 2 1 3 14 3 7 
7 16 12 8 7 14 7 11 2 15 13 2 20 1 16 14 3 7 
7 16 12 8 10 19 7 7 15 17 13 11 2 1 16 17 14 3 
7 16 12 8 10 19 7 7 19 20 13 13 15 1 14 17 14 3 
7 16 12 8 19 14 15 7 19 2 20 19 14 1 14 14 6 17 
7 16 12 8 15 14 15 9 19 13 13 7 7 1 19 14 4 17 
7 16 11 8 7 14 7 6 19 2 13 7 2 1 7 14 18 3 
7 16 11 8 15 14 15 9 19 3 13 19 2 1 19 14 14 3 
7 16 11 8 20 14 7 8 2 17 7 7 2 1 14 14 17 7 
7 16 11 8 19 14 19 6 19 2 7 7 2 1 14 14 17 7 
7 16 11 8 19 14 7 6 19 2 13 2 16 1 14 12 18 11 
7 16 11 8 6 14 7 6 19 17 13 2 16 1 12 12 18 12 
7 16 12 8 19 14 7 14 19 2 13 18 14 1 14 14 4 7 
7 16 12 8 19 14 7 8 15 2 13 7 20 1 14 14 4 7 
7 16 12 8 19 14 7 7 19 2 11 6 13 1 14 17 8 17 
7 16 12 8 19 9 15 8 19 2 20 6 14 1 14 12 15 7 
7 16 12 8 19 14 7 7 19 2 13 7 16 1 2 14 11 7 
7 16 12 8 17 14 20 8 15 14 7 7 19 1 2 14 20 7 
7 16 11 8 15 14 20 8 15 15 7 7 2 1 19 14 7 17 
7 16 12 8 10 14 13 6 15 12 13 7 2 1 13 14 18 17 
7 16 12 8 19 14 7 13 20 2 17 3 3 1 17 14 8 17 
7 16 12 8 4 14 7 13 19 7 13 3 14 1 12 14 3 17 
7 16 12 8 10 14 20 7 19 7 7 6 7 1 13 14 18 3 
7 16 12 8 15 14 20 7 15 3 7 7 20 1 13 14 18 3 
7 16 11 8 7 20 7 18 15 15 20 6 19 1 4 14 7 7 
7 16 12 8 19 20 15 7 15 15 11 6 20 1 14 14 4 3 
7 16 12 8 15 20 15 11 15 15 20 6 20 1 14 14 20 3 
7 16 11 11 19 14 19 6 15 14 13 6 20 1 14 14 4 7 
7 16 11 8 7 14 7 8 13 2 7 7 2 1 14 14 7 7 
7 16 12 8 19 14 20 7 19 2 13 20 13 1 14 14 17 7 
7 16 11 8 7 14 7 13 19 2 13 7 2 1 14 14 6 7 
7 16 11 8 7 14 7 13 19 2 20 7 2 1 14 14 17 7 
7 16 11 8 17 18 20 7 15 3 13 3 2 1 14 14 17 7 
7 16 11 8 4 14 20 18 19 19 13 7 2 1 17 17 18 12 
7 16 11 8 4 14 20 18 19 7 13 19 2 1 12 7 11 11 
7 16 12 8 10 14 20 13 19 7 12 8 13 1 14 14 18 3 
7 16 11 8 20 9 15 7 7 2 7 7 13 1 14 14 4 3 
7 16 12 8 4 14 7 7 19 7 7 7 2 1 12 14 7 11 
7 16 12 8 4 14 15 20 19 7 20 7 2 1 12 14 20 11 
7 16 12 8 15 14 15 8 19 17 13 2 16 1 19 14 4 7 
7 16 12 8 15 18 15 7 15 15 20 7 20 1 19 14 6 7 
7 16 11 8 15 14 20 11 2 17 13 2 2 1 19 14 15 3 
7 16 11 8 15 14 20 11 3 17 13 3 3 1 19 14 15 3 
7 16 11 8 10 14 7 11 20 7 13 2 2 1 7 14 4 7 
7 16 11 8 7 14 20 8 17 2 15 7 14 1 6 14 4 7 
7 16 11 8 15 14 15 7 19 17 20 7 17 1 19 14 7 12 
7 16 11 8 15 14 7 13 19 15 7 6 20 1 19 14 8 3 
7 16 11 8 19 14 7 7 19 17 7 15 17 1 14 14 8 3 
7 16 11 8 15 14 20 8 19 15 12 6 20 1 19 14 18 20 
7 16 11 8 15 14 20 8 19 15 12 6 20 1 19 14 18 20 
7 16 12 8 17 14 20 8 19 3 13 6 14 1 17 14 15 3 
7 16 12 8 10 9 7 8 19 7 11 6 2 1 6 14 8 3 
7 16 12 8 10 14 7 8 19 7 11 6 2 1 6 14 8 3 
7 16 12 8 19 14 15 7 19 17 7 14 2 1 14 14 4 16 
7 16 12 8 19 14 15 7 19 17 7 14 2 1 14 14 4 16 
7 16 12 8 19 14 20 6 13 13 13 7 7 1 12 14 15 11 
7 16 12 8 19 2 20 7 19 2 13 7 13 1 15 14 15 11 
7 16 12 8 7 14 20 7 17 17 20 4 16 1 17 14 15 7 
7 16 12 8 7 14 7 7 17 7 7 4 16 1 12 14 2 7 
7 16 11 8 19 14 7 13 19 2 13 7 2 1 14 14 3 20 
7 16 11 8 19 14 7 13 19 2 13 15 2 1 14 14 3 20 
7 16 12 8 7 14 20 8 2 9 9 7 13 1 12 11 7 7 
7 16 12 8 15 15 20 7 19 11 20 7 13 1 12 11 7 7 
7 16 12 8 19 14 13 8 19 2 17 6 14 1 14 14 3 7 
7 16 12 8 19 14 7 18 19 2 7 3 14 1 14 14 7 7 
7 16 11 8 7 20 7 8 15 15 11 8 20 1 14 14 17 7 
7 16 11 8 19 14 7 13 13 2 13 7 2 1 14 14 4 7 
7 16 11 8 19 13 7 13 13 2 13 7 13 1 14 14 4 7 
7 16 11 8 7 20 7 7 7 2 13 18 7 1 14 14 3 7 
7 16 11 8 7 14 7 7 13 2 13 20 17 1 14 14 6 7 
7 16 12 8 19 14 7 18 20 2 13 9 13 1 14 14 17 11 
7 16 12 8 19 14 7 18 15 2 13 14 15 1 14 14 17 11 
7 16 12 8 7 20 7 13 15 2 13 14 2 1 13 14 18 3 
7 16 11 8 7 14 20 8 19 17 12 7 14 1 17 17 4 7 
7 16 11 8 7 14 20 8 19 17 12 7 19 1 17 17 4 7 
7 16 11 8 4 14 7 6 12 15 13 7 20 1 12 14 18 3 
7 16 12 8 19 14 20 8 19 2 11 6 15 1 14 14 18 3 
7 16 12 8 10 14 20 9 19 7 13 6 2 1 13 17 18 17 
7 16 11 8 7 20 20 7 15 9 13 6 2 1 13 17 18 17 
7 16 12 8 17 16 20 18 19 2 20 8 15 1 13 14 18 7 
7 16 12 8 10 16 20 15 15 14 20 8 20 1 14 14 17 7 
7 16 12 8 6 14 7 13 17 17 13 7 17 1 14 14 18 10 
7 16 12 8 19 14 7 13 13 2 13 7 13 1 14 14 14 10 
7 16 12 8 20 14 7 7 15 14 13 20 20 1 14 12 3 11 
7 16 12 8 20 14 13 7 15 14 17 19 20 1 14 12 3 11 
7 16 11 8 15 14 20 8 19 14 20 2 16 1 20 14 14 3 
7 16 11 8 10 14 7 8 13 7 13 7 2 1 14 14 14 3 
7 16 11 8 19 14 7 13 19 2 7 2 2 1 14 14 17 7 
7 16 11 8 17 14 7 18 19 3 13 2 2 1 14 14 4 7 
7 16 11 14 19 14 20 8 19 2 11 2 14 1 14 17 18 11 
7 16 11 14 19 14 20 8 19 2 11 6 14 1 14 17 18 11 
7 16 11 8 7 14 7 7 15 15 13 20 20 1 14 14 4 7 
7 16 11 8 15 14 7 8 15 15 11 20 20 1 19 12 4 7 
7 16 11 8 7 14 7 15 19 2 11 7 14 1 12 14 12 19 
7 16 11 8 10 14 19 7 15 15 13 7 20 1 19 14 15 16 
7 16 11 8 7 14 7 7 19 12 13 19 16 1 2 14 17 11 
7 16 12 8 19 14 7 8 13 2 13 2 2 1 14 14 17 17 
7 16 12 8 15 14 7 7 19 19 13 2 2 1 3 14 17 17 
7 16 11 8 4 14 7 8 19 7 11 2 13 1 12 14 18 7 
7 16 11 8 4 14 7 13 19 7 13 2 13 1 12 14 14 16 
7 16 12 8 19 20 7 7 15 17 13 7 17 1 14 14 4 7 
7 16 12 8 20 14 7 7 19 15 13 7 20 1 18 14 4 7 
7 16 11 8 7 19 20 18 19 9 13 6 13 1 11 14 18 17 
7 16 12 8 4 19 20 18 15 15 13 6 20 1 19 14 18 17 
7 16 11 8 7 14 20 14 19 2 14 7 16 1 17 14 7 3 
7 16 11 8 7 14 20 7 19 2 8 7 16 1 14 14 6 3 
7 16 12 8 15 20 20 7 15 2 20 2 2 1 19 14 15 7 
7 16 12 8 7 9 15 15 20 2 20 7 2 1 7 14 7 7 
7 16 12 8 19 14 8 9 19 17 13 2 16 1 14 12 3 12 
7 16 12 8 19 14 8 9 19 15 13 2 20 1 14 12 3 12 
7 16 12 8 15 14 7 7 20 2 18 7 2 1 19 14 14 3 
7 16 12 8 17 14 7 13 20 3 13 9 2 1 12 14 14 3 
7 16 11 8 7 14 7 7 19 2 11 19 13 1 17 14 8 20 
7 16 11 8 15 14 7 6 15 3 11 6 20 1 19 11 11 7 
7 16 11 8 15 14 20 6 19 3 12 6 13 1 12 17 11 12 
7 16 11 8 17 14 13 7 15 12 13 15 20 1 7 17 3 17 
7 16 11 8 19 14 7 7 15 15 13 20 20 1 14 11 3 7 
7 16 11 8 10 9 7 8 19 7 11 17 14 1 12 17 7 3 
7 16 11 8 15 14 7 7 2 17 13 2 2 1 19 14 3 17 
7 16 11 8 15 14 20 7 2 17 17 2 2 1 19 14 15 17 
7 16 12 8 19 14 15 6 15 15 20 6 20 1 4 14 4 7 
7 16 12 8 20 14 15 15 15 15 20 7 20 1 4 14 4 7 
7 16 11 8 4 14 7 18 19 7 13 7 2 1 12 7 3 11 
7 16 11 8 4 14 7 13 20 7 13 3 2 1 12 19 3 7 
7 16 11 8 19 14 13 18 19 17 11 7 2 1 14 14 4 16 
7 16 11 8 19 14 13 6 19 17 11 20 2 1 14 14 4 16 
7 16 11 8 19 14 15 20 19 2 20 7 16 1 14 14 4 17 
7 16 11 8 19 14 15 20 19 2 20 7 16 1 14 14 4 17 
7 16 11 8 7 9 7 8 19 2 20 7 2 1 7 14 8 17 
7 16 11 8 4 9 7 7 19 7 20 7 2 1 12 14 7 17 
7 16 11 8 7 14 20 13 19 17 11 13 2 1 14 14 4 17 
7 16 12 8 15 14 19 3 19 17 11 2 16 1 19 14 8 17 
7 16 12 8 15 14 19 14 19 17 11 2 16 1 19 14 8 17 
7 16 11 8 10 14 7 18 20 20 13 15 2 1 14 14 4 7 
7 16 11 8 3 14 7 18 20 16 13 15 2 1 14 14 4 7 
7 16 11 8 15 14 20 7 19 15 17 7 20 1 19 14 15 7 
7 16 11 8 15 14 20 9 19 11 12 7 2 1 19 14 6 7 
7 16 11 8 10 14 20 18 19 20 13 2 2 1 14 14 20 2 
7 16 11 8 10 14 7 18 19 17 18 3 2 1 14 14 20 2 
7 16 11 8 7 19 17 7 9 2 13 19 7 1 14 14 4 3 
7 16 11 8 7 19 18 7 13 2 13 19 2 1 12 14 7 3 
7 16 12 8 15 14 19 7 19 15 20 7 20 1 19 14 15 7 
7 16 12 8 20 14 7 7 19 15 9 7 3 1 4 14 7 7 
7 16 12 8 15 14 15 13 19 19 20 6 15 1 15 14 7 17 
7 16 12 8 15 14 19 13 19 2 9 7 15 1 19 14 15 17 
7 16 12 8 7 11 7 13 15 8 11 15 20 1 14 14 4 12 
7 16 12 8 19 14 20 6 19 2 13 7 2 1 14 12 4 11 
7 16 12 8 20 9 14 6 2 17 7 4 16 1 14 14 7 7 
7 16 12 8 15 14 15 6 19 17 7 4 16 1 14 14 19 7 
7 16 11 8 15 14 15 13 19 3 20 2 2 1 14 14 20 7 
7 16 12 8 4 14 7 6 20 15 11 7 20 1 12 14 12 20 
7 16 11 8 4 19 7 13 15 17 13 7 17 1 12 14 7 11 
7 16 11 8 15 19 7 13 15 17 11 7 17 1 14 14 20 11 
7 16 12 8 19 14 7 8 19 2 12 6 2 1 14 14 8 3 
7 16 11 18 15 14 7 13 19 2 13 19 14 1 19 14 6 7 
7 16 11 8 19 14 3 6 19 14 20 2 2 1 14 14 3 17 
7 16 11 8 15 14 15 6 19 11 14 4 2 1 14 14 20 11 
7 16 11 8 7 14 7 7 19 2 11 20 2 1 7 14 18 11 
7 16 11 8 7 14 7 7 19 2 11 6 2 1 7 14 18 11 
7 16 11 8 19 14 7 8 19 2 13 3 19 1 14 14 4 7 
7 16 11 8 19 14 7 4 19 2 9 2 14 1 14 14 4 7 
7 16 11 8 7 14 20 13 15 15 13 19 20 1 14 14 4 16 
7 16 11 8 7 14 7 13 15 15 13 20 20 1 14 14 4 16 
7 16 11 8 10 14 7 8 17 7 20 7 2 1 14 14 9 17 
7 16 12 8 19 14 7 18 20 17 20 13 17 1 14 14 3 7 
7 16 12 8 19 14 7 8 19 15 13 13 20 1 14 14 17 7 
7 16 12 8 19 14 7 7 19 2 13 7 1 1 14 19 18 11 
7 16 11 8 19 14 7 7 15 2 11 14 20 1 14 14 8 7 
7 16 12 8 16 14 2 8 19 3 13 2 14 1 12 4 12 11 
7 16 11 8 10 14 2 6 19 7 13 2 14 1 12 4 12 11 
7 16 11 8 19 14 7 7 19 2 13 2 2 1 14 17 3 7 
7 16 11 8 20 14 15 7 15 15 13 13 20 1 14 11 3 20 
7 16 11 8 17 14 20 13 19 14 12 2 16 1 17 14 14 14 
7 16 11 8 20 14 15 13 19 14 20 2 16 1 13 14 11 14 
7 16 12 8 19 14 20 9 15 2 13 2 20 1 14 14 15 11 
7 16 11 8 7 14 7 7 15 7 11 20 20 1 12 17 11 10 
7 16 12 8 4 14 7 7 15 7 11 20 20 1 12 17 11 10 
7 16 12 8 19 14 7 8 19 15 13 6 20 1 14 3 3 17 
7 16 12 8 19 14 7 8 19 17 11 6 16 1 14 11 9 7 
7 16 11 8 15 14 15 6 19 3 11 2 13 1 19 14 18 11 
7 16 11 8 15 14 15 6 15 3 20 20 20 1 19 14 18 11 
7 16 11 8 7 14 20 13 19 2 13 7 13 1 12 14 15 7 
7 16 11 8 20 15 20 13 20 13 13 7 13 1 12 14 15 7 
7 16 12 8 10 14 14 13 7 20 13 7 7 1 14 14 18 7 
7 16 12 8 19 14 14 13 15 2 13 7 20 1 14 14 18 7 
7 16 11 8 7 14 7 8 2 2 11 19 13 1 12 14 7 3 
7 16 11 8 7 14 7 8 19 2 13 9 14 1 12 14 7 3 
7 16 12 8 17 20 20 13 15 3 11 7 20 1 12 17 15 17 
7 16 11 8 4 20 7 13 15 13 11 12 20 1 12 17 7 17 
7 16 12 8 4 14 7 8 17 17 13 16 16 1 13 14 18 19 
7 16 11 8 7 14 7 6 13 2 11 3 11 1 14 14 18 11 
7 16 11 8 7 14 7 6 13 2 13 19 11 1 14 14 18 11 
7 16 11 8 7 20 7 8 15 9 11 6 20 1 12 14 18 7 
7 16 11 8 4 14 7 8 19 17 20 6 14 1 14 14 17 7 
7 16 12 8 15 14 7 6 19 17 8 20 16 1 19 14 6 7 
7 16 12 8 20 14 14 6 19 17 8 7 16 1 14 14 6 7 
7 16 11 8 10 14 20 18 17 20 12 15 16 1 14 14 15 3 
7 16 11 8 4 14 13 13 19 7 9 6 13 1 12 14 7 11 
7 16 11 8 4 14 13 13 19 7 9 6 13 1 12 14 7 11 
7 16 12 8 17 14 7 13 20 7 11 6 13 1 12 14 12 14 
7 16 12 8 10 14 7 13 15 15 11 12 20 1 19 14 18 16 
7 16 11 8 17 14 7 13 7 13 11 20 13 1 12 14 18 16 
7 16 12 8 19 14 20 13 19 17 13 7 16 1 14 14 4 16 
7 16 12 8 19 18 20 13 15 15 13 7 20 1 14 14 15 16 
7 16 12 8 6 14 7 7 2 7 11 7 2 1 12 11 12 11 
7 16 12 8 4 14 13 8 15 7 11 14 2 1 12 11 12 11 
7 16 12 8 19 14 7 13 12 11 13 7 7 1 14 12 14 11 
7 16 12 8 17 14 7 13 15 14 13 19 20 1 12 12 11 11 
7 16 12 8 15 14 7 15 19 7 11 2 20 1 12 19 18 7 
7 16 12 8 15 14 7 8 15 7 11 2 20 1 12 19 18 7 
7 16 12 8 7 14 7 6 19 2 13 7 13 1 7 14 14 3 
7 16 12 8 19 14 7 8 15 2 20 7 2 1 14 14 7 16 
7 16 12 8 19 14 7 7 15 2 13 8 2 1 14 14 17 16 
7 16 12 8 19 14 6 6 19 2 13 20 15 1 14 14 17 14 
7 16 11 8 7 14 15 6 15 15 13 20 20 1 12 14 20 14 
7 16 12 8 10 14 20 13 13 7 13 2 11 1 6 11 18 7 
7 16 11 8 7 14 20 8 19 7 12 12 2 1 12 14 2 17 
7 16 11 8 7 14 20 8 19 7 20 7 2 1 12 14 15 17 
7 16 12 8 10 14 14 13 19 20 7 7 13 1 14 14 8 3 
7 16 11 8 10 14 12 13 15 17 6 7 20 1 16 14 8 3 
7 16 11 8 20 14 15 20 19 15 7 7 20 1 14 17 17 17 
7 16 12 8 10 14 14 7 19 14 7 7 13 1 14 14 20 16 
7 16 12 8 19 14 7 13 2 2 13 2 15 1 14 14 3 11 
7 16 11 8 4 14 19 6 15 15 13 19 20 1 19 17 14 17 
7 16 12 8 15 14 19 7 15 15 13 19 20 1 18 17 3 17 
7 16 11 8 15 14 20 13 17 17 7 20 17 1 14 14 3 11 
7 16 12 8 20 14 15 8 19 2 13 2 13 1 14 14 20 4 
7 16 12 8 10 14 7 8 19 20 13 2 13 1 14 14 20 4 
7 16 12 8 20 14 15 13 19 2 15 15 14 1 12 19 19 7 
7 16 12 8 15 14 19 13 15 2 13 6 20 1 12 19 3 7 
7 16 12 8 19 14 19 7 19 17 20 4 16 1 14 14 3 11 
7 16 12 8 19 14 19 6 19 17 2 4 16 1 17 14 15 11 
7 16 12 8 19 14 20 13 20 3 7 20 13 1 14 14 8 14 
7 16 12 8 19 14 20 7 20 3 7 20 13 1 14 14 8 14 
7 16 12 8 19 14 15 8 7 2 11 2 7 1 14 14 9 7 
7 16 12 8 19 14 15 8 7 2 11 2 7 1 14 14 9 7 
7 16 12 8 7 14 7 13 19 17 13 19 14 1 16 12 18 11 
7 16 12 8 17 14 7 9 19 17 13 2 14 1 17 12 17 11 
7 16 12 8 15 14 20 8 7 11 13 19 13 1 19 14 15 16 
7 16 12 8 15 14 20 8 15 15 13 9 20 1 19 14 15 16 
7 16 12 8 15 11 20 8 7 11 11 7 7 1 14 12 9 7 
7 16 12 8 15 11 20 8 7 11 11 7 7 1 14 11 9 11 
7 16 12 8 7 14 20 6 13 7 11 7 2 1 12 19 11 11 
7 16 12 8 15 14 20 6 13 15 13 7 20 1 19 19 3 11 
7 16 12 8 19 14 19 7 20 12 13 6 11 1 14 14 4 7 
7 16 12 8 19 14 15 7 19 15 20 6 19 1 14 14 14 16 
7 16 12 8 15 14 20 8 20 17 13 6 2 1 19 14 6 3 
7 16 11 8 2 14 7 8 19 14 13 6 2 1 19 14 18 3 
7 16 11 8 15 14 20 8 13 2 13 7 2 1 19 14 18 3 
7 16 11 8 7 14 7 8 13 2 13 2 2 1 12 14 18 3 
7 16 12 8 15 14 13 7 19 3 13 6 2 1 19 14 6 3 
7 16 12 8 10 14 13 7 19 7 13 6 2 1 13 14 18 3 
7 16 12 8 19 14 7 6 19 15 9 8 14 1 16 17 7 7 
7 16 12 8 15 14 19 7 15 15 20 13 20 1 19 17 15 7 
7 16 11 8 19 14 20 13 15 15 13 7 20 1 3 14 15 11 
7 16 11 8 20 14 14 13 15 15 13 7 20 1 17 14 15 11 
7 16 11 8 7 14 20 7 13 9 18 2 2 1 12 14 18 16 
7 16 11 8 19 14 20 7 15 2 14 2 2 1 14 14 18 16 
7 16 12 8 19 14 15 11 2 17 13 13 2 1 14 17 18 17 
7 16 12 8 20 14 14 13 2 17 11 12 2 1 14 17 4 17 
7 16 11 8 7 14 20 7 15 17 18 7 20 1 14 14 4 7 
7 16 11 8 7 14 20 15 19 17 18 7 2 1 14 14 4 7 
7 16 11 8 7 14 7 8 19 2 11 7 13 1 17 14 7 11 
7 16 11 8 7 14 8 8 20 2 8 19 13 1 13 14 7 11 
7 16 11 8 4 14 7 11 19 19 13 12 2 1 2 14 4 17 
7 16 11 8 4 14 7 11 19 19 13 7 2 1 2 14 4 17 
7 16 12 8 10 14 7 8 15 7 7 7 2 1 13 14 12 11 
7 16 12 8 15 9 15 15 19 15 13 7 19 1 19 14 18 11 
7 16 12 8 15 14 15 16 19 17 20 19 16 1 19 14 15 11 
7 16 11 8 15 14 20 8 15 2 20 7 2 1 19 14 15 17 
7 16 11 8 6 14 7 7 18 13 7 13 2 1 12 14 9 17 
7 16 11 8 7 14 7 13 15 2 2 15 17 1 12 14 7 20 
7 16 11 8 7 14 7 13 13 2 11 13 7 1 12 14 6 20 
7 16 11 8 4 14 7 8 15 7 11 7 20 1 12 14 11 20 
7 16 11 8 7 14 7 13 19 15 11 15 16 1 12 6 11 12 
7 16 11 8 19 14 7 13 20 13 13 2 13 1 14 17 4 7 
7 16 11 8 19 19 20 15 15 15 13 20 19 1 14 17 4 7 
7 16 12 8 15 14 20 8 17 11 20 3 14 1 19 14 14 17 
7 16 11 8 7 14 7 13 19 2 13 2 13 1 14 14 3 7 
7 16 11 8 10 19 7 13 19 20 13 3 3 1 14 14 17 7 
7 16 12 8 10 14 13 8 2 20 13 8 13 1 14 14 17 11 
7 16 11 8 15 14 19 8 15 14 13 8 20 1 19 14 15 11 
7 16 11 8 15 14 15 6 15 2 20 14 16 1 19 14 6 7 
7 16 11 8 7 14 7 6 2 9 11 4 2 1 12 14 18 7 
7 16 12 8 17 14 7 7 19 7 11 7 7 1 12 14 18 7 
7 16 12 8 17 14 20 7 19 7 12 7 7 1 12 14 18 7 
7 16 11 8 19 14 7 9 15 2 13 6 20 1 14 14 8 11 
7 16 12 8 19 14 7 6 19 2 11 7 14 1 14 14 6 11 
7 16 11 8 10 14 7 13 19 9 13 19 2 1 12 17 3 7 
7 16 11 8 10 14 7 13 15 9 13 19 20 1 12 17 18 7 
7 16 12 8 10 14 7 7 13 13 7 2 12 1 12 14 18 7 
7 16 12 8 17 14 19 7 19 14 20 20 14 1 12 14 15 19 
7 16 12 8 4 14 7 7 15 17 9 7 20 1 14 14 8 19 
7 16 11 8 17 14 13 13 19 11 13 6 2 1 12 14 12 7 
7 16 11 8 19 14 7 13 19 15 13 3 20 1 14 14 6 7 
7 16 11 8 19 14 7 8 19 17 13 7 17 1 14 17 18 3 
7 16 11 8 19 14 7 13 19 2 13 7 2 1 14 17 18 3 
7 16 12 8 17 19 8 20 15 2 13 15 20 1 17 14 6 17 
7 16 11 8 7 19 8 8 15 15 13 14 19 1 4 14 6 17 
7 16 11 8 17 19 7 20 15 3 13 6 2 1 14 14 4 17 
7 16 11 8 17 20 15 20 2 3 20 2 2 1 14 14 20 17 
7 16 11 8 19 14 7 7 3 2 13 20 2 1 14 14 4 16 
7 16 11 8 20 14 13 13 4 2 7 3 2 1 13 14 7 19 
7 16 12 8 10 14 20 18 2 20 17 2 2 1 14 14 4 7 
7 16 12 8 10 14 20 18 17 20 18 19 2 1 14 14 4 7 
7 16 11 8 10 14 7 13 19 9 7 13 13 1 12 14 7 17 
7 16 12 8 17 14 7 11 19 19 18 13 13 1 1 14 7 17 
7 16 12 8 10 14 7 7 19 12 13 6 2 1 19 11 17 7 
7 16 12 8 19 14 15 6 15 2 11 7 20 1 14 15 4 20 
7 16 12 8 17 14 7 6 19 3 13 7 14 1 12 17 6 17 
7 16 12 8 15 14 7 13 15 7 11 2 20 1 12 14 6 7 
7 16 12 8 4 14 7 8 15 7 11 2 20 1 12 14 6 7 
7 16 12 8 7 13 7 8 20 7 13 6 13 1 12 14 18 11 
7 16 12 8 7 14 7 8 19 7 13 2 16 1 12 14 18 11 
7 16 11 8 19 14 16 20 19 2 17 2 2 1 14 14 4 7 
7 16 11 8 17 14 13 20 19 3 13 2 2 1 12 14 8 7 
7 16 11 8 7 14 11 4 19 2 13 7 14 1 13 14 18 11 
7 16 11 8 7 14 7 8 7 17 13 12 2 1 14 14 4 17 
7 16 12 8 4 14 7 7 15 7 13 15 20 1 12 14 11 20 
7 16 11 18 7 14 7 13 15 2 13 7 2 1 14 14 3 17 
7 16 12 8 17 14 13 13 19 2 13 19 19 1 11 19 3 7 
7 16 11 8 7 20 13 13 15 2 13 15 20 1 11 17 3 17 
7 16 11 8 7 14 7 13 19 2 13 15 13 1 7 14 2 11 
7 16 11 8 7 14 7 7 19 2 13 19 13 1 7 14 2 11 
7 16 12 8 4 14 7 8 15 9 11 2 20 1 12 17 18 7 
7 16 12 8 7 14 20 7 19 9 13 2 13 1 12 17 14 7 
7 16 11 8 3 14 20 9 3 14 14 12 20 1 14 14 4 7 
7 16 11 8 19 14 20 9 3 15 14 12 20 1 14 14 4 7 
7 16 12 8 7 14 20 6 12 7 13 7 7 1 12 14 15 16 
7 16 11 8 7 14 7 6 15 17 9 7 20 1 14 14 4 17 
7 16 11 8 7 14 7 13 19 17 9 7 16 1 14 14 4 17 
7 16 12 8 19 14 19 7 19 2 17 19 14 1 3 7 3 11 
7 16 12 8 7 14 19 6 15 15 2 19 19 1 17 7 11 11 
7 16 11 8 15 14 19 6 19 15 20 19 19 1 18 14 15 7 
7 16 12 8 19 14 19 13 15 15 13 7 20 1 14 14 15 7 
7 16 12 8 20 14 20 13 15 14 13 7 20 1 14 14 4 16 
7 16 12 8 10 14 20 18 13 12 20 7 2 1 19 14 15 16 
7 16 12 8 10 14 20 7 20 15 11 7 2 1 19 14 6 16 
7 16 12 8 17 14 20 7 2 14 7 4 1 1 13 14 7 7 
7 16 12 8 15 14 20 7 15 15 20 6 20 1 19 14 15 7 
7 16 12 8 7 14 7 13 15 7 13 20 20 1 12 14 12 11 
7 16 12 8 20 14 7 13 15 15 13 20 20 1 19 14 11 11 
7 16 12 8 19 14 7 13 19 2 13 7 2 1 14 14 17 3 
7 16 11 8 19 14 7 13 19 17 13 6 14 1 14 14 15 3 
7 16 11 8 7 14 7 8 19 15 13 19 20 1 12 17 14 3 
7 16 11 8 19 14 15 7 19 2 20 19 13 1 14 17 14 3 
7 16 12 8 15 14 20 13 19 3 13 7 2 1 19 14 15 11 
7 16 12 8 15 14 7 13 19 3 13 7 2 1 19 14 12 11 
7 16 11 8 6 14 7 7 15 20 13 12 15 1 12 14 18 11 
7 16 11 8 6 14 7 7 19 13 13 6 2 1 12 14 18 11 
7 16 11 8 14 14 20 13 19 20 20 17 2 1 11 14 15 20 
7 16 12 8 10 14 20 13 17 15 20 7 16 1 19 6 15 7 
7 16 12 8 19 14 7 13 19 2 13 7 13 1 14 14 14 3 
7 16 12 8 4 14 7 7 19 17 13 15 16 1 4 14 14 3 
7 16 12 8 20 2 7 7 19 17 13 7 2 1 12 11 3 7 
7 16 12 8 19 14 13 7 1 2 11 7 2 1 14 11 14 7 
7 16 12 8 4 14 7 13 19 7 11 7 2 1 12 19 18 7 
7 16 12 8 4 14 7 13 19 7 13 15 2 1 12 7 18 11 
7 16 12 8 10 14 7 6 19 17 7 7 16 1 19 14 8 3 
7 16 12 8 20 14 14 6 19 2 11 7 13 1 14 14 8 3 
7 16 11 8 6 14 2 13 19 20 11 4 2 1 14 18 18 11 
7 16 11 8 17 14 15 13 2 3 20 4 2 1 12 18 18 11 
7 16 11 8 20 14 14 14 15 17 20 6 20 1 14 14 17 7 
7 16 12 8 17 14 7 18 15 3 20 15 20 1 12 17 9 7 
7 16 12 8 17 14 7 11 15 3 13 15 20 1 12 17 18 7 
7 16 11 8 15 14 3 15 19 3 3 14 13 1 14 14 20 7 
7 16 11 8 7 14 7 13 19 2 9 2 13 1 14 14 6 7 
7 16 11 8 10 14 13 13 19 13 12 2 13 1 12 14 6 7 
7 16 11 8 4 14 7 7 19 17 13 7 2 1 12 19 18 7 
7 16 12 8 15 14 20 7 19 15 20 7 19 1 19 19 14 7 
7 16 12 8 17 14 20 9 19 14 20 6 14 1 18 14 15 3 
7 16 11 8 19 14 7 13 3 17 13 7 16 1 14 17 14 3 
7 16 11 8 17 14 13 7 3 3 11 7 3 1 14 17 14 3 
7 16 11 8 10 14 7 13 19 11 13 6 7 1 6 17 17 3 
7 16 12 8 20 14 20 13 19 14 13 6 16 1 14 17 15 3 
7 16 11 8 20 19 7 13 15 15 13 2 2 1 16 15 12 7 
7 16 11 8 7 9 7 13 19 2 11 14 2 1 14 15 12 7 
7 16 12 8 19 14 17 7 19 2 13 7 2 1 14 14 17 7 
7 16 12 8 7 14 20 7 19 2 7 7 2 1 7 14 9 7 
7 16 11 8 10 19 15 11 15 20 7 11 20 1 14 17 4 17 
7 16 11 8 10 14 15 18 20 20 11 6 2 1 14 12 4 7 
7 16 12 8 19 14 14 8 19 2 11 7 13 1 14 7 20 11 
7 16 12 8 19 14 14 6 19 2 11 9 13 1 14 11 20 7 
7 16 11 8 20 15 20 9 20 14 13 7 19 1 14 14 4 17 
7 16 11 8 20 14 20 6 15 14 13 7 20 1 14 14 4 17 
7 16 12 8 19 14 7 14 19 11 11 3 13 1 14 14 17 7 
7 16 12 8 19 14 7 18 19 11 13 19 13 1 14 14 18 7 
7 16 12 8 4 20 7 15 20 19 11 19 2 1 17 14 4 7 
7 16 11 8 4 14 7 13 19 20 13 19 2 1 14 14 4 7 
7 16 12 8 20 14 7 7 19 11 13 6 2 1 14 14 4 17 
7 16 12 8 19 14 19 7 15 15 13 6 20 1 14 14 4 17 
7 16 12 8 15 14 20 18 19 15 20 19 20 1 19 14 15 7 
7 16 12 8 7 14 20 8 19 15 15 12 14 1 4 14 7 7 
7 16 12 8 10 14 17 8 15 9 9 2 2 1 12 14 7 7 
7 16 11 8 4 14 2 14 15 15 20 6 2 1 18 14 4 7 
7 16 11 8 15 9 7 8 19 3 11 6 14 1 17 14 6 7 
7 16 12 8 19 14 7 8 19 2 13 7 13 1 14 14 4 3 
7 16 12 8 19 14 7 13 19 2 13 7 13 1 14 14 4 3 
7 16 11 8 17 14 7 7 13 7 13 2 7 1 12 14 12 7 
7 16 11 8 17 14 7 7 13 7 13 12 7 1 12 14 12 7 
7 16 11 8 15 14 7 13 20 3 13 4 2 1 14 14 4 7 
7 16 11 8 6 14 7 13 19 17 13 4 2 1 14 14 4 7 
7 16 12 8 7 14 7 13 19 9 11 19 2 1 12 14 4 7 
7 16 12 8 7 14 7 13 19 15 11 15 16 1 19 14 6 7 
7 16 12 8 10 14 14 14 3 14 20 3 1 1 14 14 20 17 
7 16 11 8 20 14 14 14 15 15 20 3 20 1 17 14 15 17 
7 16 11 8 15 14 15 6 19 17 11 7 14 1 14 14 20 7 
7 16 11 8 19 14 13 6 19 2 11 7 14 1 14 14 17 7 
7 16 11 8 20 14 15 4 15 15 15 7 20 1 3 14 4 20 
7 16 11 8 15 14 7 4 15 15 11 7 20 1 19 14 6 20 
7 16 12 8 7 15 7 20 19 17 20 4 14 1 14 14 8 3 
7 16 12 8 15 15 20 20 19 19 13 4 14 1 14 14 15 3 
7 16 12 8 15 14 19 15 19 15 13 12 20 1 19 14 3 3 
7 16 12 8 15 14 19 8 19 15 13 9 20 1 19 14 3 3 
7 16 12 8 7 14 7 8 19 7 20 7 16 1 12 14 14 20 
7 16 12 8 14 14 19 8 7 2 11 12 2 1 14 14 19 20 
7 16 11 8 19 14 7 13 17 2 13 14 16 1 14 14 4 17 
7 16 11 8 19 14 20 15 17 2 20 14 16 1 14 14 15 17 
7 16 11 8 7 14 7 8 19 2 11 3 20 1 12 11 6 7 
7 16 12 8 19 14 7 8 19 2 9 20 20 1 14 14 6 7 
7 16 11 8 19 14 7 18 19 2 20 12 2 1 15 14 6 7 
7 16 11 8 19 14 7 18 19 2 14 15 2 1 15 14 4 7 
7 16 12 8 10 14 7 7 19 7 13 12 9 1 7 14 6 11 
7 16 12 8 10 14 14 6 19 15 7 2 20 1 14 14 20 11 
7 16 11 8 10 14 7 7 19 14 11 13 16 1 19 14 8 7 
7 16 11 8 20 14 15 7 19 2 13 2 16 1 14 14 4 7 
7 16 11 8 7 14 20 7 15 15 13 20 19 1 19 14 18 11 
7 16 11 8 7 14 7 7 15 15 13 20 19 1 13 14 11 11 
7 16 12 8 19 14 7 20 3 15 11 19 19 1 14 14 12 7 
7 16 11 8 7 14 13 8 19 2 13 7 2 1 13 11 18 7 
7 16 12 8 19 14 20 8 19 2 13 7 2 1 14 11 14 7 
7 16 11 8 15 14 20 18 7 2 13 19 13 1 20 14 15 17 
7 16 11 8 3 14 20 18 17 16 13 19 2 1 14 14 17 17 
7 16 12 8 7 14 7 6 19 2 13 7 14 1 12 14 18 3 
7 16 12 8 7 14 7 6 19 2 13 7 14 1 12 14 18 3 
7 16 12 8 17 14 7 7 19 19 7 7 2 1 6 14 7 7 
7 16 12 8 15 14 7 7 19 19 9 7 2 1 3 14 17 7 
7 16 12 8 19 14 15 15 13 11 14 2 7 1 14 14 20 17 
7 16 12 8 19 14 15 15 20 17 14 14 17 1 14 14 20 17 
7 16 11 8 10 14 20 8 19 7 8 6 2 1 7 14 7 7 
7 16 11 8 15 14 20 8 15 2 7 7 2 1 19 14 9 7 
7 16 11 3 7 14 7 13 19 2 11 20 13 1 11 14 8 7 
7 16 11 18 7 14 7 11 19 2 11 7 13 1 11 14 8 7 
7 16 11 8 19 14 7 8 15 2 13 8 20 1 14 14 4 20 
7 16 12 8 20 20 7 8 15 17 13 6 2 1 14 14 4 7 
7 16 11 8 19 14 20 7 19 11 2 6 13 1 14 14 17 7 
7 16 11 8 19 14 20 7 15 2 13 7 20 1 14 14 15 7 
7 16 12 8 15 14 20 7 3 17 20 7 2 1 14 14 14 16 
7 16 12 8 15 14 20 7 19 19 20 7 14 1 14 14 14 16 
7 16 12 8 17 14 7 13 15 3 13 7 2 1 12 14 7 3 
7 16 12 8 10 14 7 7 15 7 13 7 20 1 7 14 6 3 
7 16 12 8 19 14 15 7 19 15 13 15 20 1 15 14 19 3 
7 16 11 8 15 14 7 2 19 17 11 19 2 1 19 14 7 16 
7 16 11 8 3 9 13 7 19 14 11 19 2 1 12 14 18 16 
7 16 11 8 19 14 13 6 19 2 9 6 16 1 14 14 17 7 
7 16 11 8 19 14 3 6 19 15 7 7 20 1 16 14 17 7 
7 16 12 8 15 18 7 7 15 19 9 7 20 1 17 14 8 17 
7 16 12 8 10 14 7 8 2 7 7 19 2 1 12 14 7 7 
7 16 12 8 17 14 17 8 2 3 7 19 2 1 19 14 6 7 
7 16 11 8 6 14 7 8 20 15 13 6 2 1 18 14 14 19 
7 16 12 8 15 14 7 8 20 3 13 6 2 1 18 14 14 19 
7 16 12 8 19 14 7 6 2 2 17 7 2 1 14 14 17 17 
7 16 12 8 10 14 14 6 19 14 20 6 2 1 14 14 20 17 
7 16 11 8 10 14 20 18 7 19 20 7 7 1 14 14 15 16 
7 16 11 8 3 14 20 18 15 14 11 20 20 1 14 14 20 16 
7 16 11 8 7 20 7 9 15 15 7 20 20 1 17 14 7 7 
7 16 11 8 7 20 17 7 15 15 13 7 20 1 16 14 17 7 
7 16 11 8 6 14 7 7 19 13 8 2 2 1 11 17 7 17 
7 16 11 8 7 14 7 7 19 2 11 4 2 1 12 17 6 17 
7 16 12 8 19 14 20 13 13 2 13 2 11 1 15 14 14 14 
7 16 12 8 10 14 13 18 19 20 11 8 1 1 14 14 4 19 
7 16 12 8 20 14 13 7 13 12 13 7 2 1 14 14 17 11 
7 16 11 8 17 14 7 7 19 7 11 2 2 1 12 19 11 11 
7 16 11 8 19 20 7 8 15 7 11 6 15 1 12 19 11 11 
7 16 12 8 7 14 7 13 19 17 13 20 17 1 14 14 3 17 
7 16 12 8 7 14 7 13 15 15 13 20 20 1 14 14 3 17 
7 16 12 8 19 14 7 7 19 15 13 2 20 1 14 7 4 11 
7 16 12 8 19 14 20 7 19 15 4 12 20 1 14 19 15 7 
7 16 11 18 15 13 20 20 19 20 13 15 15 1 13 14 18 11 
7 16 11 18 15 13 20 15 19 14 20 14 2 1 19 14 15 11 
7 16 11 8 20 14 13 7 19 14 9 6 2 1 14 17 18 3 
7 16 11 8 19 14 19 8 15 15 13 12 20 1 14 17 15 3 
7 16 12 8 17 14 20 13 15 19 7 4 3 1 2 14 6 7 
7 16 12 8 17 14 20 14 15 19 20 4 3 1 2 14 8 7 
7 16 11 8 7 14 7 9 19 2 11 4 2 1 12 14 12 7 
7 16 11 8 15 14 20 9 3 3 8 4 2 1 19 7 7 11 
7 16 12 8 15 20 20 7 15 15 13 7 20 1 19 14 4 7 
7 16 11 8 4 14 7 7 19 17 13 7 16 1 7 14 4 7 
7 16 11 8 4 20 7 15 15 7 11 19 14 1 12 14 6 7 
7 16 11 8 4 19 7 13 19 19 13 19 14 1 15 14 4 16 
7 16 11 8 3 20 20 6 15 14 11 20 20 1 19 14 15 3 
7 16 11 8 3 20 20 6 15 14 7 20 20 1 19 14 7 3 
7 16 11 8 15 14 20 18 15 3 13 15 20 1 19 14 15 3 
7 16 11 8 15 14 20 18 19 3 13 20 2 1 19 14 15 3 
7 16 11 8 4 14 7 7 19 7 11 2 2 1 12 7 18 11 
7 16 11 8 4 14 7 7 19 7 11 2 2 1 12 7 18 11 
7 16 11 8 15 14 19 7 19 11 20 20 2 1 20 14 15 3 
7 16 12 8 17 14 7 11 20 3 11 19 14 1 12 14 18 11 
7 16 11 8 15 16 7 11 20 3 13 8 14 1 12 14 18 11 
7 16 12 8 15 14 19 8 19 3 13 14 14 1 14 17 18 7 
7 16 11 8 15 14 19 18 19 17 14 7 16 1 19 14 15 17 
7 16 12 8 15 14 20 7 19 15 20 7 16 1 19 14 15 17 
7 16 12 8 15 14 20 13 15 20 20 2 2 1 14 14 15 7 
7 16 11 8 20 18 15 8 15 15 14 15 20 1 20 14 16 3 
7 16 12 8 15 14 15 8 19 17 20 20 14 1 19 14 14 3 
7 16 12 8 19 14 7 8 19 2 7 6 2 1 14 14 8 3 
7 16 11 8 7 14 7 7 19 15 13 7 20 1 12 14 18 11 
7 16 11 8 4 14 7 7 19 15 13 7 20 1 19 14 18 11 
7 16 11 8 17 14 19 6 19 3 20 7 2 1 14 12 15 11 
7 16 11 8 17 14 13 20 19 3 13 7 2 1 14 12 18 11 
7 16 11 8 15 14 20 7 19 17 20 14 2 1 19 14 14 3 
7 16 11 8 20 14 14 13 19 2 13 15 2 1 14 14 15 16 
7 16 11 8 6 14 7 13 19 15 7 20 20 1 14 14 7 16 
7 16 11 8 4 19 7 6 15 7 13 20 16 1 12 14 18 11 
7 16 11 8 4 17 7 6 19 7 13 2 16 1 12 14 18 11 
7 16 11 8 7 14 7 11 19 15 11 4 16 1 12 17 11 10 
7 16 11 8 4 14 7 13 19 7 13 4 16 1 12 17 11 10 
7 16 11 8 4 14 7 8 19 15 11 6 20 1 12 11 6 7 
7 16 12 8 19 14 20 8 15 2 9 7 20 1 14 12 15 7 
7 16 12 8 15 9 15 7 13 11 9 12 13 1 19 14 8 7 
7 16 12 8 19 14 20 13 19 2 13 7 13 1 14 12 17 7 
7 16 12 8 19 14 20 13 19 2 13 7 13 1 14 17 17 17 
7 16 11 8 4 14 7 8 19 17 1 12 17 1 17 14 7 7 
7 16 11 8 7 14 17 8 19 17 14 7 17 1 14 14 4 7 
7 16 11 8 7 14 7 18 19 2 11 3 2 1 12 14 18 3 
7 16 11 8 7 14 7 18 19 2 20 3 2 1 17 14 9 3 
7 16 11 8 7 14 7 7 15 2 8 7 2 1 14 14 8 7 
7 16 11 8 20 14 15 7 19 2 13 7 2 1 14 14 4 7 
7 16 11 8 19 20 20 7 15 7 20 20 16 1 12 14 15 3 
7 16 12 4 20 14 14 8 19 2 20 6 2 1 14 14 4 17 
7 16 12 4 17 14 20 8 17 2 11 2 16 1 14 14 4 17 
7 16 12 8 10 14 7 13 19 14 11 7 14 1 20 14 8 17 
7 16 11 8 20 14 14 13 19 13 20 12 7 1 12 14 14 17 
7 16 12 8 19 14 15 8 15 11 20 7 2 1 14 14 14 3 
7 16 12 8 19 14 15 8 19 11 20 20 13 1 14 14 14 3 
7 16 11 8 4 14 13 6 20 17 13 19 16 1 13 14 18 16 
7 16 11 8 15 14 20 13 19 13 11 17 13 1 14 14 20 3 
7 16 11 8 17 14 7 3 19 3 11 7 13 1 14 14 6 3 
7 16 11 8 4 14 7 7 19 7 11 20 13 1 12 14 11 7 
7 16 12 8 7 14 7 6 19 2 13 2 2 1 12 14 12 20 
7 16 12 8 15 14 20 6 19 13 12 2 2 1 12 14 12 20 
7 16 12 8 15 14 19 8 15 15 20 7 20 1 19 14 15 17 
7 16 12 8 15 14 19 8 15 15 20 20 20 1 19 14 15 17 
7 16 11 8 10 19 9 18 15 7 7 19 2 1 13 14 12 10 
7 16 11 8 7 14 7 9 3 9 7 19 2 1 12 11 7 12 
7 16 11 8 19 14 7 7 19 19 11 15 15 1 17 14 8 7 
7 16 12 8 15 14 20 9 15 15 13 20 19 1 19 14 6 7 
7 16 12 8 15 14 20 9 19 15 7 2 19 1 19 14 6 7 
7 16 12 8 7 14 20 6 15 7 11 7 20 1 12 14 6 17 
7 16 12 8 7 14 20 6 11 7 11 7 7 1 12 14 6 17 
7 16 11 11 17 14 20 13 20 14 14 12 7 1 14 7 4 11 
7 16 11 11 17 14 20 13 15 14 11 7 20 1 12 14 6 7 
7 16 12 8 15 14 7 7 19 15 13 2 20 1 19 11 14 7 
7 16 12 8 15 14 15 7 2 15 15 2 20 1 19 17 19 17 
7 16 12 8 4 14 7 8 19 17 11 19 16 1 14 14 11 7 
7 16 12 8 10 14 7 8 19 7 13 7 2 1 12 17 18 7 
7 16 11 8 7 14 7 8 19 2 13 13 2 1 12 17 18 7 
7 16 12 8 17 14 20 15 15 14 18 2 20 1 11 14 17 7 
7 16 12 8 20 14 15 13 19 15 20 4 20 1 14 14 4 20 
7 16 11 8 20 14 15 13 19 17 20 4 2 1 14 14 4 20 
7 16 11 8 7 14 7 7 2 2 13 6 13 1 7 14 4 3 
7 16 11 8 15 14 15 7 19 2 13 6 13 1 19 14 4 3 
7 16 11 8 19 14 15 13 19 2 13 2 2 1 14 14 17 7 
7 16 11 8 19 14 7 13 19 2 13 6 2 1 14 14 17 7 
7 16 12 8 17 14 20 6 15 14 13 2 20 1 12 12 3 7 
7 16 12 8 15 14 20 6 19 12 13 2 16 1 13 11 18 7 
7 16 12 8 19 14 19 6 19 15 20 19 20 1 14 14 3 11 
7 16 12 8 19 14 19 20 14 2 11 15 20 1 14 14 3 11 
7 16 11 8 20 14 14 9 19 17 20 7 16 1 14 14 17 17 
7 16 11 8 15 14 15 9 20 17 20 7 16 1 19 14 14 17 
7 16 12 8 10 20 7 15 19 9 11 7 13 1 12 14 7 16 
7 16 12 8 10 20 7 15 15 7 11 7 20 1 12 14 7 16 
7 16 11 8 17 14 7 13 15 3 11 7 20 1 14 17 18 11 
7 16 11 8 19 14 7 7 15 2 13 7 20 1 15 14 14 16 
7 16 11 8 7 14 7 13 19 2 11 6 2 1 7 14 18 7 
7 16 12 8 10 14 13 7 19 7 13 7 2 1 13 14 18 7 
7 16 11 8 7 14 7 13 19 2 11 8 15 1 16 14 17 3 
7 16 12 8 4 14 7 13 15 15 13 7 20 1 14 14 20 3 
7 16 11 8 10 14 7 13 2 20 11 7 13 1 14 14 4 7 
7 16 11 8 7 14 7 13 17 2 11 7 13 1 7 14 4 7 
7 16 11 8 7 14 7 8 19 2 11 6 14 1 6 17 7 7 
7 16 11 8 7 14 7 13 19 2 13 2 16 1 12 17 17 3 
7 16 12 8 17 14 7 13 19 3 13 2 16 1 12 12 17 7 
7 16 11 8 19 14 20 8 19 14 20 6 16 1 14 14 15 20 
7 16 12 8 15 14 7 8 19 7 20 7 14 1 12 7 15 11 
7 16 11 8 6 14 7 8 19 7 11 7 14 1 12 7 18 11 
7 16 11 8 15 19 7 13 15 15 13 19 20 1 19 14 12 7 
7 16 12 8 17 14 7 13 19 7 11 2 13 1 12 19 11 11 
7 16 12 8 6 9 7 13 19 7 11 2 13 1 12 19 11 11 
7 16 11 8 14 14 7 6 19 20 13 7 15 1 14 14 12 2 
7 16 11 8 14 14 20 6 19 20 11 15 2 1 14 14 18 10 
7 16 12 8 7 14 20 13 17 9 7 2 13 1 12 14 7 7 
7 16 12 8 4 14 7 13 17 7 11 2 13 1 12 14 18 7 
7 16 12 8 19 14 7 13 2 2 13 2 1 1 14 14 18 11 
7 16 12 8 19 14 7 13 19 2 13 2 1 1 14 14 18 11 
7 16 12 8 19 14 20 13 19 2 13 12 13 1 14 17 18 17 
7 16 12 8 17 14 13 13 15 11 13 12 20 1 14 17 18 17 
7 16 11 8 4 14 7 13 20 20 11 7 1 1 14 14 9 7 
7 16 11 8 20 13 20 13 7 14 11 7 20 1 14 14 4 16 
7 16 11 8 20 13 20 13 7 14 13 7 11 1 14 14 4 16 
7 16 11 8 7 19 20 12 18 15 13 4 20 1 19 14 15 11 
7 16 11 8 7 14 20 18 19 15 13 2 20 1 19 14 15 11 
7 16 12 8 10 14 7 7 13 11 7 6 13 1 7 14 7 7 
7 16 12 8 20 14 14 8 15 17 7 7 20 1 14 14 7 7 
7 16 11 8 17 14 13 13 19 3 7 2 16 1 13 14 18 16 
7 16 12 8 10 14 13 13 19 7 7 9 17 1 13 14 18 16 
7 16 11 8 19 14 17 6 15 2 16 2 19 1 15 14 4 11 
7 16 12 8 20 14 14 13 19 2 12 20 14 1 14 14 8 3 
7 16 12 8 7 14 7 8 13 2 8 7 2 1 14 14 8 3 
7 16 11 8 15 14 20 6 15 15 13 4 20 1 19 14 18 16 
7 16 11 8 7 14 7 6 15 2 13 7 20 1 12 14 18 16 
7 16 12 8 19 14 7 7 19 17 13 19 2 1 14 14 18 16 
7 16 12 8 19 14 7 13 19 17 13 19 2 1 14 14 18 16 
7 16 11 8 19 14 19 4 19 17 13 7 2 1 15 14 14 7 
7 16 11 8 7 14 19 15 19 2 7 20 2 1 13 14 7 7 
7 16 12 8 19 14 15 4 13 2 15 8 2 1 14 14 4 17 
7 16 12 8 19 14 15 8 15 2 20 8 20 1 14 14 4 17 
7 16 11 8 6 20 7 8 15 15 17 4 20 1 19 14 4 7 
7 16 11 8 15 14 7 6 15 15 11 4 20 1 19 14 6 7 
7 16 11 8 19 14 7 7 12 2 13 15 7 1 14 14 14 16 
7 16 11 8 19 14 7 15 12 2 13 15 7 1 14 14 14 16 
7 16 11 8 7 14 7 8 19 2 11 17 13 1 6 17 8 7 
7 16 11 8 19 14 7 7 19 2 13 7 2 1 14 14 6 11 
7 16 11 8 19 14 7 7 19 2 11 6 2 1 14 14 6 11 
7 16 11 8 4 9 7 8 19 17 13 6 2 1 14 14 4 16 
7 16 11 8 4 14 7 13 19 17 13 8 2 1 14 14 4 16 
7 16 11 8 7 14 20 13 19 2 7 2 17 1 13 14 18 19 
7 16 11 8 19 14 7 13 19 2 13 3 20 1 14 14 18 19 
7 16 11 8 7 14 20 7 13 15 8 7 20 1 12 14 7 7 
7 16 12 8 17 14 20 7 13 14 14 7 19 1 12 14 20 7 
7 16 11 8 7 14 20 7 15 7 12 6 16 1 12 14 18 17 
7 16 11 8 17 14 20 7 19 7 12 6 16 1 12 14 18 17 
7 16 11 8 15 19 7 13 15 15 13 12 20 1 14 14 20 3 
7 16 11 8 15 19 13 13 7 3 13 13 7 1 14 14 20 3 
7 16 12 8 20 11 7 8 19 11 11 6 20 1 12 14 12 20 
7 16 11 8 7 11 7 8 19 13 11 6 9 1 12 14 12 20 
7 16 11 8 17 14 7 18 19 3 13 13 2 1 7 14 4 7 
7 16 11 8 15 14 13 8 19 3 17 13 2 1 19 14 4 7 
7 16 11 8 20 14 15 13 19 2 13 6 15 1 14 14 4 3 
7 16 11 8 10 14 20 8 13 20 11 6 11 1 14 14 4 3 
7 16 12 8 7 14 7 7 13 9 13 7 2 1 12 14 18 17 
7 16 11 8 10 14 13 7 19 20 13 19 13 1 13 14 4 7 
7 16 12 8 15 14 13 18 19 3 13 12 13 1 19 14 4 7 
7 16 11 8 7 20 20 8 13 2 12 6 13 1 12 14 6 7 
7 16 11 8 15 20 20 13 12 15 12 6 20 1 19 14 4 7 
7 16 12 8 15 14 20 6 19 3 3 7 2 1 14 14 4 16 
7 16 12 8 15 14 20 6 19 3 3 7 2 1 14 14 4 16 
7 16 12 8 10 14 7 18 17 7 13 6 2 1 7 14 7 10 
7 16 11 8 4 14 7 18 17 17 13 2 2 1 17 14 7 10 
7 16 12 8 19 14 7 13 19 2 7 20 2 1 14 14 17 11 
7 16 12 8 19 14 7 8 19 2 13 19 2 1 14 14 17 11 
7 16 11 8 4 14 7 13 19 7 11 7 2 1 12 17 6 11 
7 16 11 8 4 14 7 13 19 7 13 7 2 1 12 17 18 11 
7 16 12 8 10 14 13 13 19 9 7 7 13 1 13 14 18 11 
7 16 12 8 15 9 7 13 7 3 11 7 13 1 19 14 18 11 
7 16 12 8 19 14 7 6 19 11 8 7 13 1 14 14 6 7 
7 16 12 8 19 14 7 6 19 17 13 7 14 1 14 14 4 7 
7 16 11 8 7 20 13 8 20 2 7 19 20 1 13 14 9 3 
7 16 12 8 10 9 20 8 15 14 13 20 20 1 20 14 15 3 
7 16 12 8 20 14 15 8 19 17 12 3 17 1 14 14 18 7 
7 16 12 8 19 14 17 8 19 2 12 3 14 1 14 14 3 7 
7 16 12 8 6 14 7 13 17 17 13 19 16 1 13 19 18 11 
7 16 12 8 6 14 7 13 19 17 13 7 2 1 12 10 18 12 
7 16 12 8 19 14 7 9 19 2 13 7 2 1 14 14 14 20 
7 16 12 8 15 14 20 14 19 20 13 7 2 1 14 14 14 20 
7 16 11 8 19 14 19 6 19 11 11 4 2 1 14 14 15 19 
7 16 11 8 19 14 19 6 15 11 11 4 2 1 14 14 15 19 
7 16 11 8 15 14 15 7 19 17 20 2 16 1 19 14 8 7 
7 16 11 8 15 14 7 7 15 15 7 2 20 1 19 14 6 7 
7 16 11 8 4 14 7 13 19 7 2 15 2 1 11 14 7 17 
7 16 11 8 4 14 7 13 19 7 13 7 2 1 12 14 3 17 
7 16 12 8 17 14 20 13 13 3 11 7 7 1 14 14 17 3 
7 16 12 8 19 14 20 13 20 2 11 20 13 1 14 14 17 3 
7 16 12 8 15 14 20 6 19 3 20 6 3 1 19 17 4 7 
7 16 12 8 20 14 7 8 19 2 11 6 3 1 14 17 4 7 
7 16 12 8 19 14 20 7 19 17 13 2 2 1 14 12 15 11 
7 16 12 8 19 14 7 7 19 12 13 2 2 1 14 12 17 11 
7 16 11 8 3 14 20 8 19 14 20 7 20 1 7 14 7 7 
7 16 11 8 7 14 20 8 20 2 14 19 14 1 7 14 4 7 
7 16 12 8 19 18 7 7 15 2 13 14 20 1 14 14 17 12 
7 16 12 8 10 18 14 18 15 14 20 14 20 1 14 14 20 12 
7 16 11 8 6 14 7 7 19 7 11 2 2 1 11 12 18 11 
7 16 12 8 19 14 7 13 19 2 13 3 2 1 14 12 18 11 
7 16 11 8 4 14 7 7 19 7 11 7 13 1 12 14 6 7 
7 16 11 8 19 14 7 7 19 2 18 7 13 1 14 14 4 7 
7 16 12 8 10 14 14 15 19 14 20 4 14 1 19 14 6 17 
7 16 12 8 19 14 7 6 15 2 13 4 20 1 14 14 4 17 
7 16 12 8 20 14 15 13 15 15 13 2 20 1 14 14 18 11 
7 16 12 8 15 14 19 13 15 15 13 20 20 1 19 14 15 11 
7 16 11 8 15 14 7 7 15 15 13 7 20 1 19 14 12 2 
7 16 11 8 15 14 7 8 15 15 13 7 20 1 19 14 12 2 
7 16 12 8 7 14 7 14 15 15 20 6 20 1 17 14 7 7 
7 16 11 8 7 14 7 11 20 2 13 15 2 1 14 14 4 16 
7 16 11 8 7 14 7 11 20 2 13 15 2 1 14 14 4 16 
7 16 12 8 15 14 20 13 15 15 20 2 2 1 20 14 15 7 
7 16 12 8 15 14 20 13 15 2 20 19 2 1 20 14 15 7 
7 16 11 8 6 14 7 18 19 13 11 19 13 1 17 14 7 11 
7 16 11 8 6 14 7 18 20 13 11 19 13 1 14 14 9 11 
7 16 11 8 19 14 20 7 19 2 14 12 13 1 14 14 4 17 
7 16 11 8 19 14 20 7 19 2 11 15 13 1 14 14 15 17 
7 16 11 8 19 18 7 13 15 2 13 7 2 1 14 14 4 17 
7 16 11 8 19 14 7 13 15 2 13 7 2 1 14 14 4 17 
7 16 12 8 19 14 7 13 19 15 11 7 20 1 14 14 4 7 
7 16 11 8 19 14 20 7 19 17 13 20 2 1 14 14 15 14 
7 16 11 8 19 14 20 7 15 17 13 2 2 1 14 14 15 14 
7 16 12 8 20 14 14 11 19 17 13 6 2 1 13 11 12 11 
7 16 12 8 15 14 7 11 20 17 13 14 2 1 13 11 12 11 
7 16 11 8 4 14 7 8 15 7 13 7 20 1 12 14 12 19 
7 16 11 8 4 14 20 8 15 20 13 7 20 1 14 14 18 19 
7 16 12 8 15 18 15 13 15 15 14 7 20 1 19 14 20 20 
7 16 12 8 19 14 15 9 19 2 7 19 14 1 14 14 9 20 
7 16 12 8 15 14 19 13 19 15 20 19 20 1 14 14 15 7 
7 16 12 8 19 14 7 13 19 2 20 20 2 1 14 14 15 7 
7 16 11 8 7 14 7 18 19 2 13 20 14 1 7 14 4 17 
7 16 11 8 15 14 7 11 19 3 13 20 14 1 12 14 7 17 
7 16 11 8 7 14 13 14 3 2 7 3 2 1 13 14 18 11 
7 16 11 8 7 14 7 8 2 2 11 2 2 1 7 14 8 11 
7 16 11 8 7 9 7 7 19 2 13 6 15 1 14 17 18 7 
7 16 11 8 17 9 13 7 15 3 13 6 20 1 14 17 18 7 
7 16 12 8 15 14 20 6 15 15 13 20 20 1 19 14 6 7 
7 16 12 8 17 14 20 6 19 2 12 12 14 1 12 14 6 7 
7 16 11 8 7 14 7 13 20 7 18 3 2 1 17 14 7 11 
7 16 11 8 7 14 7 13 19 7 18 3 2 1 17 14 7 11 
7 16 12 8 15 14 7 6 19 17 8 6 16 1 19 14 6 7 
7 16 11 8 4 14 20 18 19 7 12 14 2 1 12 14 18 7 
7 16 11 8 7 14 20 18 19 17 12 2 2 1 12 14 18 7 
7 16 11 8 4 14 7 18 19 7 11 2 11 1 12 14 8 7 
7 16 11 8 4 14 7 18 19 7 11 15 11 1 12 14 8 7 
7 16 12 8 10 14 13 13 19 9 13 2 13 1 13 14 18 11 
7 16 11 8 4 14 7 13 19 15 13 19 19 1 16 14 17 11 
7 16 12 8 10 14 7 13 19 20 13 15 16 1 14 14 17 11 
