7 16 11 18 3 9 19 8 15 14 13 6 20 1 14 14 14 14 
7 16 11 18 7 9 19 8 19 2 13 6 14 1 14 14 14 14 
7 16 11 18 16 14 19 7 19 3 13 6 13 1 14 14 14 14 
7 16 11 18 7 9 13 8 19 2 13 6 14 1 13 14 18 14 
7 16 11 18 7 14 19 7 19 2 13 6 13 1 14 14 14 14 
7 16 11 18 7 9 7 7 19 2 13 6 13 1 12 14 14 14 
7 16 11 18 7 14 7 7 19 2 13 6 13 1 12 14 14 14 
7 16 11 18 7 14 7 7 19 2 13 6 13 1 12 14 14 14 
7 16 11 18 3 14 19 7 19 14 13 6 13 1 12 14 14 14 
7 16 11 18 2 9 19 11 19 7 13 6 13 1 14 14 14 14 
7 16 11 18 3 14 19 7 19 14 13 6 13 1 14 14 14 14 
7 16 11 18 2 9 19 7 19 7 13 6 13 1 14 14 14 14 
7 16 11 18 7 9 19 7 19 2 13 6 13 1 14 14 14 14 
7 16 11 18 3 9 19 8 15 14 13 6 20 1 14 14 14 14 
7 16 11 18 7 14 7 8 19 2 13 6 13 1 12 14 14 14 
7 16 11 18 2 14 7 11 19 13 13 6 13 1 12 14 14 14 
7 16 11 18 7 9 7 8 19 2 13 6 7 1 12 14 14 14 
7 16 11 18 3 14 19 7 19 14 13 6 13 1 14 14 14 14 
7 16 11 18 7 9 19 8 19 2 13 6 14 1 14 14 14 14 
7 16 11 18 3 14 19 7 19 14 13 6 13 1 14 14 14 14 
7 16 11 18 7 9 19 8 19 2 13 6 14 1 14 14 14 14 
7 16 11 18 7 9 7 8 15 2 13 6 20 1 12 14 14 14 
7 16 11 18 7 9 7 8 19 2 13 6 14 1 12 14 14 14 
7 16 11 18 7 9 7 8 19 2 13 6 7 1 12 14 14 14 
7 16 11 18 2 9 7 8 19 9 13 6 7 1 12 14 14 14 
7 16 11 18 3 9 19 8 15 14 13 6 20 1 14 14 14 14 
7 16 11 18 3 9 19 8 15 14 13 6 20 1 12 14 14 14 
7 16 11 18 2 14 7 8 19 13 13 6 13 1 12 14 14 14 
7 16 11 18 2 14 7 7 19 13 13 6 13 1 12 14 14 14 
7 16 11 18 7 14 19 8 19 2 13 6 13 1 14 14 14 14 
7 16 11 18 7 14 7 7 19 2 13 6 13 1 12 14 14 14 
7 16 11 18 7 14 7 7 19 2 13 6 13 1 12 14 14 14 
7 16 11 18 7 9 19 7 19 2 13 6 13 1 14 14 14 14 
7 16 11 18 7 9 7 8 19 2 13 6 14 1 12 14 14 14 
7 16 11 18 7 14 7 7 19 2 13 6 13 1 12 14 14 14 
7 16 11 18 7 14 7 8 19 2 13 6 13 1 12 14 14 14 
7 16 11 18 9 9 7 7 19 9 13 6 13 1 12 14 14 14 
7 16 11 18 7 9 7 7 19 2 13 6 13 1 12 14 14 14 
7 16 11 18 3 14 19 7 19 14 13 6 13 1 12 14 14 14 
7 16 11 18 7 9 7 7 19 2 13 6 13 1 12 14 14 14 
7 16 11 18 7 9 19 8 19 2 13 6 14 1 14 14 14 14 
7 16 11 18 7 9 7 7 19 2 13 6 13 1 12 14 14 14 
7 16 11 18 7 9 7 7 19 2 13 6 13 1 12 14 14 14 
7 16 11 18 3 14 19 7 19 14 13 6 13 1 12 14 14 14 
7 16 11 18 7 9 7 8 19 2 13 6 7 1 12 14 14 14 
7 16 11 18 7 9 7 7 19 2 13 6 13 1 12 14 14 14 
7 16 11 18 2 14 7 8 19 13 13 6 13 1 12 14 14 14 
7 16 11 18 3 14 19 8 19 14 13 6 14 1 14 14 14 14 
7 16 11 18 3 14 19 8 19 14 13 6 14 1 12 14 14 14 
7 16 11 18 3 9 19 8 15 14 13 6 20 1 12 14 14 14 
7 16 11 18 7 14 7 7 19 2 13 6 13 1 12 14 14 14 
7 16 11 18 2 9 19 7 19 7 13 6 13 1 14 14 14 14 
7 16 11 18 7 14 19 7 19 2 13 6 13 1 14 14 14 14 
7 16 11 18 3 14 19 7 19 14 13 6 13 1 14 14 14 14 
7 16 11 18 7 9 7 7 19 2 13 6 13 1 12 14 14 14 
7 16 11 18 7 9 7 8 7 2 13 6 13 1 12 14 14 14 
7 16 11 18 9 9 7 7 19 9 13 6 13 1 12 14 14 14 
7 16 11 18 2 14 7 8 19 13 13 6 13 1 12 14 14 14 
7 16 11 18 7 9 7 8 19 2 13 6 7 1 12 14 14 14 
7 16 11 18 2 9 7 8 19 9 13 6 7 1 12 14 14 14 
7 16 11 18 7 14 19 8 19 2 13 6 13 1 14 14 14 14 
7 16 11 18 7 14 7 7 19 2 13 7 13 1 12 14 14 14 
7 16 11 18 7 9 19 8 19 2 13 6 14 1 14 14 14 14 
7 16 11 18 7 9 7 8 19 2 13 6 7 1 12 14 14 14 
7 16 11 18 7 9 19 8 19 2 13 6 14 1 14 14 14 14 
7 16 11 18 2 9 7 8 7 13 13 6 13 1 12 14 14 14 
7 16 11 18 3 9 19 8 19 14 13 6 14 1 12 14 14 14 
7 16 11 18 7 9 7 8 19 2 13 6 14 1 12 14 14 14 
7 16 11 18 7 14 7 8 19 2 13 6 13 1 12 14 14 14 
7 16 11 18 2 9 7 8 19 9 13 6 7 1 12 14 14 14 
7 16 11 18 7 9 19 8 19 2 13 6 14 1 14 14 14 14 
7 16 11 18 2 9 7 8 19 9 13 6 7 1 12 14 14 14 
7 16 11 18 3 14 3 11 19 14 13 6 13 1 12 14 14 14 
7 16 11 18 7 14 7 7 19 2 13 6 13 1 12 14 14 14 
7 16 11 18 7 14 19 8 19 2 13 6 14 1 14 14 14 14 
7 16 11 18 3 14 19 7 19 14 13 6 13 1 14 14 14 14 
7 16 11 18 16 14 3 7 19 3 13 6 13 1 12 14 14 14 
7 16 11 18 3 14 19 7 19 14 13 6 13 1 14 14 14 14 
7 16 11 18 7 9 7 8 15 2 13 6 20 1 12 14 14 14 
7 16 11 18 7 9 7 8 15 2 13 6 20 1 12 14 14 14 
7 16 11 18 7 9 7 7 19 2 13 6 13 1 12 14 14 14 
7 16 11 18 7 14 19 8 19 2 13 6 13 1 14 14 14 14 
7 16 11 18 2 9 7 8 15 9 13 6 20 1 12 14 14 14 
7 16 11 18 3 14 19 7 19 14 13 6 13 1 14 14 14 14 
7 16 11 18 7 14 7 7 19 2 13 6 13 1 12 14 14 14 
7 16 11 18 2 14 7 7 19 13 13 6 13 1 12 14 14 14 
7 16 11 18 2 14 7 7 19 13 13 6 13 1 12 14 14 14 
7 16 11 18 9 9 7 7 19 9 13 6 13 1 12 14 14 14 
7 16 11 18 7 9 7 7 19 2 13 6 13 1 12 14 14 14 
7 16 11 18 7 9 19 7 19 2 13 6 13 1 14 14 14 14 
7 16 11 18 7 9 7 8 19 2 13 6 14 1 12 14 14 14 
7 16 11 18 7 9 19 7 19 2 13 6 13 1 14 14 14 14 
7 16 11 18 7 14 7 8 19 2 13 20 13 1 12 14 14 14 
7 16 11 18 3 9 19 8 15 14 13 6 20 1 14 14 14 14 
7 16 11 18 7 14 7 8 19 2 13 6 13 1 12 14 14 14 
7 16 11 18 3 14 19 7 19 14 13 6 13 1 14 14 14 14 
7 16 11 18 7 9 7 8 19 2 13 6 7 1 12 14 14 14 
7 16 11 18 7 14 19 8 19 2 13 6 14 1 14 14 14 14 
7 16 11 18 2 14 7 7 19 13 13 6 13 1 12 14 14 14 
7 16 11 18 7 9 19 8 19 2 13 6 7 1 14 14 14 14 
7 16 11 18 7 14 7 7 19 2 13 6 13 1 12 14 14 14 
7 16 11 18 3 9 19 8 15 14 13 6 20 1 14 14 14 14 
7 16 11 18 3 9 19 7 19 14 13 6 13 1 14 14 14 14 
7 16 11 18 7 9 19 8 19 2 13 6 14 1 14 14 14 14 
7 16 11 18 7 14 7 7 19 2 13 6 13 1 12 14 14 14 
7 16 11 18 7 14 19 7 19 2 13 6 13 1 14 14 14 14 
7 16 11 18 7 14 7 8 19 2 13 6 14 1 12 14 14 14 
7 16 11 18 3 14 19 8 19 14 13 6 14 1 14 14 14 14 
7 16 11 18 3 9 19 8 19 14 13 6 14 1 14 14 14 14 
7 16 11 18 2 9 19 8 15 15 13 6 20 1 14 14 14 14 
7 16 11 18 2 14 7 7 19 13 13 6 13 1 12 14 14 14 
7 16 11 18 7 9 7 8 15 2 13 6 20 1 12 14 14 14 
7 16 11 18 2 9 7 7 19 13 13 6 13 1 12 14 14 14 
7 16 11 18 3 14 19 7 19 14 13 6 13 1 12 14 14 14 
7 16 11 18 7 14 7 7 19 2 13 6 13 1 12 14 14 14 
7 16 11 18 3 14 19 7 19 14 13 6 13 1 12 14 14 14 
7 16 11 18 3 14 19 7 19 16 13 6 13 1 14 14 14 14 
7 16 11 18 3 9 19 8 15 14 13 6 20 1 14 14 14 14 
7 16 11 18 7 9 19 8 15 2 13 6 20 1 14 14 14 14 
7 16 11 18 7 9 19 8 19 2 13 6 7 1 14 14 14 14 
7 16 11 18 2 14 7 7 19 13 13 6 13 1 12 14 14 14 
7 16 11 18 3 9 19 7 19 14 13 6 13 1 12 14 14 14 
7 16 11 18 7 9 19 8 19 2 13 6 7 1 14 14 14 14 
7 16 11 18 2 14 19 7 19 7 13 6 13 1 14 14 14 14 
7 16 11 18 3 14 3 8 19 16 13 6 14 1 12 14 14 14 
7 16 11 18 2 9 7 8 19 9 13 6 14 1 12 14 14 14 
7 16 11 18 2 14 7 8 19 13 13 6 13 1 12 14 14 14 
7 16 11 18 7 14 19 7 19 2 13 6 13 1 14 14 14 14 
7 16 11 18 7 14 7 11 19 2 13 6 13 1 12 14 14 14 
7 16 11 18 3 14 19 7 19 14 13 6 13 1 12 14 14 14 
7 16 11 18 2 9 7 7 19 13 13 6 13 1 12 14 14 14 
7 16 11 18 2 9 7 11 19 13 13 6 13 1 12 14 14 14 
7 16 11 18 3 9 19 7 19 14 13 6 13 1 14 14 14 14 
7 16 11 18 7 9 7 8 19 2 13 6 14 1 12 14 14 14 
7 16 11 18 7 9 19 8 19 2 13 6 14 1 14 14 14 14 
7 16 11 18 7 14 19 7 19 2 13 6 13 1 14 14 14 14 
7 16 11 18 7 9 7 8 15 2 13 6 20 1 12 14 14 14 
7 16 11 18 7 14 7 8 19 2 13 6 13 1 12 14 14 14 
7 16 11 18 3 9 19 8 19 16 13 6 14 1 12 14 14 14 
7 16 11 18 2 14 7 8 19 9 13 6 14 1 12 14 14 14 
7 16 11 18 7 9 7 8 19 2 13 6 7 1 12 14 14 14 
7 16 11 18 3 14 19 7 19 14 13 6 13 1 14 14 14 14 
7 16 11 18 3 9 19 7 19 14 13 6 13 1 12 14 14 14 
7 16 11 18 7 9 7 8 19 2 13 6 7 1 12 14 14 14 
7 16 11 18 3 9 19 8 19 14 13 6 14 1 14 14 14 14 
7 16 11 18 7 14 7 7 19 2 13 6 13 1 12 14 14 14 
7 16 11 18 3 9 19 8 19 14 13 6 14 1 14 14 14 14 
7 16 11 18 7 9 7 8 19 2 13 6 7 1 12 14 14 14 
7 16 11 18 2 9 7 8 19 9 13 6 7 1 12 14 14 14 
7 16 11 18 2 14 7 8 19 9 13 6 14 1 12 14 14 14 
7 16 11 18 7 9 19 8 15 2 13 6 20 1 14 14 14 14 
7 16 11 18 3 9 19 8 15 14 13 6 20 1 14 14 14 14 
7 16 11 18 3 14 19 7 19 16 13 6 13 1 12 14 14 14 
7 16 11 18 3 14 19 8 19 14 13 6 14 1 14 14 14 14 
7 16 11 18 7 14 7 7 19 2 13 6 13 1 12 14 14 14 
7 16 11 18 7 9 7 8 7 2 13 6 13 1 12 14 14 14 
7 16 11 18 7 9 7 11 19 2 13 6 13 1 12 14 14 14 
7 16 11 18 2 9 7 7 19 13 13 6 13 1 12 14 14 14 
7 16 11 18 7 9 19 8 19 2 13 6 14 1 14 14 14 14 
7 16 11 18 2 14 7 7 19 13 13 6 13 1 12 14 14 14 
7 16 11 18 7 9 19 8 19 2 13 6 7 1 14 14 14 14 
7 16 11 18 7 14 19 8 19 2 13 6 14 1 14 14 14 14 
7 16 11 18 3 9 19 7 19 14 13 6 13 1 12 14 14 14 
7 16 11 18 7 9 7 8 19 2 13 6 14 1 12 14 14 14 
7 16 11 18 7 9 7 8 15 2 13 6 20 1 12 14 14 14 
7 16 11 18 2 14 19 7 19 7 13 6 13 1 14 14 14 14 
7 16 11 18 2 14 19 7 19 7 13 6 13 1 14 14 14 14 
7 16 11 18 7 9 19 8 19 2 13 6 7 1 14 14 14 14 
7 16 11 18 3 14 19 7 19 14 13 6 13 1 14 14 14 14 
7 16 11 18 2 9 19 7 19 7 13 6 13 1 14 14 14 14 
7 16 11 18 3 14 19 11 19 14 13 6 13 1 14 14 14 14 
7 16 11 18 7 9 7 8 19 2 13 6 14 1 12 14 14 14 
7 16 11 18 7 14 7 7 19 2 13 6 13 1 12 14 14 14 
7 16 11 18 7 9 7 8 19 2 13 6 14 1 12 14 14 14 
7 16 11 18 9 14 7 7 19 9 13 6 13 1 12 14 14 14 
7 16 11 18 7 9 19 8 19 2 13 6 14 1 14 14 14 14 
7 16 11 18 2 14 7 7 19 13 13 6 13 1 12 14 14 14 
7 16 11 18 3 9 19 8 19 14 13 6 14 1 14 14 14 14 
7 16 11 18 7 9 19 7 19 2 13 6 13 1 14 14 14 14 
7 16 11 18 7 9 19 7 19 2 13 6 13 1 14 14 14 14 
7 16 11 18 7 9 13 7 19 2 13 6 13 1 13 14 18 14 
7 16 11 18 7 9 7 7 19 2 13 6 13 1 12 14 14 14 
7 16 11 18 7 9 7 8 19 2 13 6 14 1 12 14 14 14 
7 16 11 18 3 9 19 7 19 14 13 6 13 1 12 14 14 14 
7 16 11 18 7 14 7 7 19 2 13 6 13 1 12 14 14 14 
7 16 11 18 2 9 7 7 19 13 13 6 13 1 12 14 14 14 
7 16 11 18 3 9 19 8 15 14 13 6 20 1 14 14 14 14 
7 16 11 18 3 14 19 7 19 14 13 6 13 1 12 14 14 14 
7 16 11 18 7 9 19 8 15 2 13 6 20 1 14 14 14 14 
7 16 11 18 7 9 7 8 13 2 13 6 2 1 12 14 14 14 
7 16 11 18 9 9 7 7 19 9 13 6 13 1 12 14 14 14 
7 16 11 18 2 9 7 7 19 13 13 6 13 1 12 14 14 14 
7 16 11 18 7 9 7 8 15 2 13 6 20 1 12 14 14 14 
7 16 11 18 2 14 7 8 19 9 13 6 14 1 12 14 14 14 
7 16 11 18 3 9 19 8 15 14 13 6 20 1 14 14 14 14 
7 16 11 18 7 9 19 8 19 2 13 6 14 1 14 14 14 14 
7 16 11 18 7 9 7 7 19 2 13 6 13 1 12 14 14 14 
7 16 11 18 2 14 7 8 19 13 13 6 13 1 12 14 14 14 
7 16 11 18 7 9 7 7 19 2 13 6 13 1 12 14 14 14 
7 16 11 18 7 9 7 8 19 2 13 6 14 1 12 14 14 14 
7 16 11 18 7 9 7 8 19 2 13 6 7 1 12 14 14 14 
7 16 11 18 7 9 7 7 19 2 13 6 13 1 12 14 14 14 
7 16 11 18 7 9 19 7 19 2 13 6 13 1 14 14 14 14 
7 16 11 18 7 9 7 8 7 2 13 6 13 1 12 14 14 14 
7 16 11 18 2 9 7 8 19 9 13 6 14 1 12 14 14 14 
7 16 11 18 7 14 19 7 19 2 13 6 13 1 14 14 14 14 
7 16 11 18 2 9 19 7 19 7 13 6 13 1 14 14 14 14 
7 16 11 18 3 14 19 8 19 14 13 6 14 1 14 14 14 14 
7 16 11 18 3 9 19 8 19 14 13 6 14 1 14 14 14 14 
7 16 11 18 7 14 7 7 19 2 13 6 13 1 12 14 14 14 
7 16 11 18 7 9 7 8 15 2 13 6 20 1 12 14 14 14 
7 16 11 18 7 9 7 8 7 2 13 6 13 1 12 14 14 14 
7 16 11 18 3 9 19 8 7 14 13 6 13 1 12 14 14 14 
7 16 11 18 7 14 7 8 19 2 13 6 13 1 12 14 14 14 
7 16 11 18 7 9 19 8 7 2 13 6 13 1 14 14 14 14 
7 16 11 18 2 14 7 8 19 13 13 6 13 1 12 14 14 14 
7 16 11 18 2 9 19 7 19 7 13 6 13 1 14 14 14 14 
7 16 11 18 2 9 19 7 19 7 13 6 13 1 14 14 14 14 
7 16 11 18 2 14 7 7 19 13 13 6 13 1 12 14 14 14 
7 16 11 18 7 9 19 7 19 2 13 6 13 1 14 14 14 14 
7 16 11 18 3 9 19 8 15 14 13 6 20 1 12 14 14 14 
7 16 11 18 7 14 19 7 19 2 13 6 13 1 14 14 14 14 
7 16 11 18 2 14 7 7 19 13 13 6 13 1 12 14 14 14 
7 16 11 18 7 14 7 7 19 2 13 6 13 1 12 14 14 14 
7 16 11 18 2 14 7 8 19 20 13 6 14 1 14 14 14 14 
7 16 11 18 7 14 19 8 19 2 13 6 13 1 14 14 14 14 
7 16 11 18 3 9 19 7 19 14 13 6 13 1 14 14 14 14 
7 16 11 18 7 14 19 7 19 2 13 6 13 1 14 14 14 14 
7 16 11 18 9 14 7 7 19 9 13 6 13 1 12 14 14 14 
7 16 11 18 3 14 19 7 19 14 13 6 13 1 14 14 14 14 
7 16 11 18 7 9 7 8 19 2 13 6 7 1 12 14 14 14 
7 16 11 18 7 14 7 8 19 2 13 6 14 1 12 14 14 14 
7 16 11 18 2 14 7 8 19 9 13 6 14 1 12 14 14 14 
7 16 11 18 3 9 19 8 15 14 13 6 20 1 14 14 14 14 
7 16 11 18 7 14 19 8 19 2 13 6 13 1 14 14 14 14 
7 16 11 18 7 9 7 8 19 2 13 6 14 1 12 14 14 14 
7 16 11 18 7 9 7 8 15 2 13 6 20 1 12 14 14 14 
7 16 11 18 7 14 19 7 19 2 13 6 13 1 14 14 14 14 
7 16 11 18 7 9 7 8 19 2 13 6 14 1 12 14 14 14 
7 16 11 18 3 9 19 8 15 14 13 6 20 1 14 14 14 14 
7 16 11 18 7 9 19 7 19 2 13 6 13 1 14 14 14 14 
7 16 11 18 7 9 19 7 19 2 13 6 13 1 14 14 14 14 
7 16 11 18 7 9 7 7 19 2 13 6 13 1 12 14 14 14 
7 16 11 18 7 9 19 8 19 2 13 6 14 1 14 14 14 14 
7 16 11 18 7 9 7 7 19 2 13 6 13 1 12 14 14 14 
7 16 11 18 3 14 19 7 19 14 13 6 13 1 12 14 14 14 
7 16 11 18 3 14 19 7 19 14 13 6 13 1 14 14 14 14 
7 16 11 18 2 9 7 8 2 13 13 6 13 1 12 14 14 14 
7 16 11 18 7 14 7 7 19 2 13 6 13 1 12 14 14 14 
7 16 11 18 2 9 7 7 19 13 13 6 13 1 12 14 14 14 
7 16 11 18 7 9 19 8 19 2 13 6 14 1 14 14 14 14 
7 16 11 18 7 14 7 7 19 2 13 6 13 1 12 14 14 14 
7 16 11 18 7 14 7 7 19 2 13 6 13 1 12 14 14 14 
7 16 11 18 7 9 19 7 19 2 13 7 13 1 14 14 14 14 
7 16 11 18 2 14 19 7 19 7 13 6 13 1 14 14 14 14 
7 16 11 18 7 14 19 8 19 2 13 6 14 1 14 14 14 14 
7 16 11 18 7 9 7 7 19 2 13 6 13 1 12 14 14 14 
7 16 11 18 7 9 19 8 19 2 13 6 7 1 14 14 14 14 
7 16 11 18 16 14 3 7 19 3 13 6 13 1 12 14 14 14 
7 16 11 18 7 9 7 8 13 2 13 6 2 1 12 14 14 14 
7 16 11 18 7 9 7 8 19 2 13 6 14 1 12 14 14 14 
7 16 11 18 7 14 7 8 19 2 13 6 14 1 12 14 14 14 
7 16 11 18 7 14 7 7 19 2 13 6 13 1 12 14 14 14 
7 16 11 18 7 14 7 8 19 2 13 6 14 1 12 14 14 14 
7 16 11 18 7 14 19 8 19 2 13 6 13 1 14 14 14 14 
7 16 11 18 2 9 7 7 19 13 13 6 13 1 12 14 14 14 
7 16 11 18 7 9 7 7 19 2 13 6 13 1 12 14 14 14 
7 16 11 18 7 9 19 8 19 2 13 6 14 1 14 14 14 14 
7 16 11 18 3 9 19 8 15 14 13 6 20 1 14 14 14 14 
7 16 11 18 7 9 7 8 19 2 13 6 14 1 12 14 14 14 
7 16 11 18 3 14 19 7 19 14 13 6 13 1 14 14 14 14 
7 16 11 18 3 9 19 8 19 14 13 6 14 1 14 14 14 14 
7 16 11 18 3 9 19 8 15 14 13 6 20 1 14 14 14 14 
7 16 11 18 7 9 19 7 19 2 13 6 13 1 14 14 14 14 
7 16 11 18 7 14 19 11 19 2 13 6 13 1 14 14 14 14 
7 16 11 18 3 14 19 7 19 14 13 6 13 1 14 14 14 14 
7 16 11 18 2 14 7 11 19 13 13 6 13 1 12 14 14 14 
7 16 11 18 2 14 7 7 19 13 13 6 13 1 12 14 14 14 
7 16 11 18 2 14 7 7 19 13 13 6 13 1 12 14 14 14 
7 16 11 18 7 9 7 8 19 2 13 6 14 1 12 14 14 14 
7 16 11 18 7 9 7 8 19 2 13 6 14 1 12 14 14 14 
7 16 11 18 3 9 19 7 19 14 13 6 13 1 14 14 14 14 
7 16 11 18 9 14 7 7 19 9 13 6 13 1 12 14 14 14 
7 16 11 18 7 14 7 7 19 2 13 6 13 1 12 14 14 14 
7 16 11 18 7 14 19 8 19 2 13 6 14 1 14 14 14 14 
7 16 11 18 3 9 19 8 15 14 13 6 20 1 14 14 14 14 
7 16 11 18 2 9 7 8 19 9 13 6 14 1 12 14 14 14 
7 16 11 18 7 9 7 7 19 2 13 6 13 1 12 14 14 14 
7 16 11 18 3 14 19 7 19 14 13 6 13 1 12 14 14 14 
7 16 11 18 2 14 7 7 19 13 13 6 13 1 12 14 14 14 
7 16 11 18 2 9 7 8 15 9 13 6 20 1 12 14 14 14 
7 16 11 18 7 14 19 8 19 2 13 6 13 1 14 14 14 14 
7 16 11 18 7 9 7 8 15 2 13 6 20 1 12 14 14 14 
7 16 11 18 7 9 7 8 15 2 13 6 20 1 12 14 14 14 
7 16 11 18 9 14 7 7 19 9 13 6 13 1 12 14 14 14 
7 16 11 18 7 14 19 8 19 2 13 6 13 1 14 14 14 14 
7 16 11 18 20 14 14 8 19 2 13 6 14 1 14 14 14 14 
7 16 11 18 7 14 7 8 19 2 13 6 13 1 12 14 14 14 
7 16 11 18 7 9 7 8 15 2 13 6 20 1 12 14 14 14 
7 16 11 18 7 14 19 11 19 2 13 6 13 1 14 14 14 14 
7 16 11 18 7 9 19 8 19 2 13 6 7 1 14 14 14 14 
7 16 11 18 2 14 7 8 19 13 13 6 13 1 12 14 14 14 
7 16 11 18 3 14 19 7 19 14 13 6 13 1 14 14 14 14 
7 16 11 18 7 9 19 8 15 2 13 6 20 1 14 14 14 14 
7 16 11 18 2 14 7 8 19 9 13 6 14 1 12 14 14 14 
7 16 11 18 7 9 7 8 7 2 13 6 13 1 12 14 14 14 
7 16 11 18 2 9 7 8 19 9 13 6 7 1 12 14 14 14 
7 16 11 18 2 9 7 7 19 13 13 6 13 1 12 14 14 14 
7 16 11 18 2 9 7 8 19 9 13 6 14 1 12 14 14 14 
7 16 11 18 7 9 7 7 19 2 13 6 13 1 12 14 14 14 
7 16 11 18 3 14 3 11 19 14 13 6 13 1 12 14 14 14 
7 16 11 18 7 14 7 7 19 2 13 6 13 1 12 14 14 14 
7 16 11 18 7 14 7 8 19 2 13 6 13 1 12 14 14 14 
7 16 11 18 7 14 7 11 19 2 13 6 13 1 12 14 14 14 
7 16 11 18 7 9 7 8 2 2 13 6 13 1 12 14 14 14 
7 16 11 18 7 9 7 8 19 2 13 6 14 1 12 14 14 14 
7 16 11 18 3 9 19 8 15 14 13 6 20 1 14 14 14 14 
7 16 11 18 7 14 19 7 19 2 13 6 13 1 14 14 14 14 
7 16 11 18 3 14 3 8 19 16 13 6 14 1 12 14 14 14 
7 16 11 18 7 14 7 7 19 2 13 6 13 1 12 14 14 14 
7 16 11 18 7 9 7 8 19 2 13 6 14 1 12 14 14 14 
7 16 11 18 7 9 7 7 19 2 13 6 13 1 12 14 14 14 
7 16 11 18 3 9 19 7 19 14 13 6 13 1 12 14 14 14 
7 16 11 18 7 9 7 8 19 2 13 6 14 1 12 14 14 14 
7 16 11 18 3 14 19 8 19 14 13 6 14 1 12 14 14 14 
7 16 11 18 7 14 19 7 19 2 13 6 13 1 14 14 14 14 
7 16 11 18 7 14 7 11 19 2 13 6 13 1 12 14 14 14 
7 16 11 18 7 9 19 7 19 2 13 6 13 1 14 14 14 14 
7 16 11 18 3 9 19 8 15 14 13 6 20 1 12 14 14 14 
7 16 11 18 7 14 19 8 19 2 13 6 14 1 14 14 14 14 
7 16 11 18 7 9 7 8 19 2 13 6 14 1 12 14 14 14 
7 16 11 18 7 14 7 7 19 2 13 6 13 1 12 14 14 14 
7 16 11 18 7 14 7 8 19 2 13 6 13 1 12 14 14 14 
7 16 11 18 7 9 7 8 15 2 13 6 20 1 12 14 14 14 
7 16 11 18 7 9 7 8 19 2 13 6 14 1 12 14 14 14 
7 16 11 18 7 9 7 7 19 2 13 6 13 1 12 14 14 14 
7 16 11 18 7 9 7 8 19 2 13 6 14 1 12 14 14 14 
7 16 11 18 3 9 19 8 15 14 13 6 20 1 14 14 14 14 
7 16 11 18 7 9 7 7 19 2 13 6 13 1 12 14 14 14 
7 16 11 18 7 9 7 7 19 2 13 6 13 1 12 14 14 14 
7 16 11 18 3 9 19 8 19 14 13 6 14 1 14 14 14 14 
7 16 11 18 7 14 7 8 19 2 13 6 14 1 12 14 14 14 
7 16 11 18 7 14 7 7 19 2 13 6 13 1 12 14 14 14 
7 16 11 18 7 9 19 7 19 2 13 6 13 1 14 14 14 14 
7 16 11 18 7 14 7 11 19 2 13 6 13 1 12 14 14 14 
7 16 11 18 7 9 7 8 15 2 13 6 20 1 12 14 14 14 
7 16 11 18 7 9 19 8 19 2 13 6 14 1 14 14 14 14 
7 16 11 18 16 14 19 7 19 3 13 6 13 1 14 14 14 14 
7 16 11 18 16 14 3 7 19 3 13 6 13 1 12 14 14 14 
7 16 11 18 2 9 7 8 19 9 13 6 14 1 12 14 14 14 
7 16 11 18 7 14 19 7 19 2 13 6 13 1 14 14 14 14 
7 16 11 18 7 14 19 7 19 2 13 6 13 1 14 14 14 14 
7 16 11 18 7 14 19 7 19 2 13 6 13 1 14 14 14 14 
7 16 11 18 3 9 19 8 15 14 13 6 20 1 12 14 14 14 
7 16 11 18 7 9 7 8 7 2 13 6 13 1 12 14 14 14 
7 16 11 18 7 14 19 8 19 2 13 6 14 1 14 14 14 14 
7 16 11 18 2 9 7 8 19 9 13 6 14 1 12 14 14 14 
7 16 11 18 3 14 19 7 19 14 13 6 13 1 14 14 14 14 
7 16 11 18 2 9 7 8 7 13 13 6 13 1 12 14 14 14 
7 16 11 18 7 9 7 7 19 2 13 6 13 1 12 14 14 14 
7 16 11 18 7 14 7 7 19 2 13 6 13 1 12 14 14 14 
7 16 11 18 7 9 7 8 15 2 13 6 20 1 12 14 14 14 
7 16 11 18 7 9 7 7 19 2 13 6 13 1 12 14 14 14 
7 16 11 18 7 9 7 8 2 2 13 6 13 1 12 14 14 14 
7 16 11 18 3 9 19 8 15 14 13 6 20 1 14 14 14 14 
7 16 11 18 7 9 19 8 19 2 13 6 14 1 14 14 14 14 
7 16 11 18 7 14 7 8 19 2 13 6 14 1 12 14 14 14 
7 16 11 18 2 14 7 8 19 13 13 6 13 1 12 14 14 14 
7 16 11 18 2 9 7 7 19 13 13 7 13 1 12 14 14 14 
7 16 11 18 3 14 19 8 19 14 13 6 14 1 14 14 14 14 
7 16 11 18 3 9 19 7 19 14 13 6 13 1 14 14 14 14 
7 16 11 18 7 9 7 8 19 2 13 6 14 1 12 14 14 14 
7 16 11 18 7 9 7 7 19 2 13 6 13 1 12 14 14 14 
7 16 11 18 7 14 19 8 19 2 13 6 14 1 14 14 14 14 
7 16 11 18 7 9 7 8 19 2 13 6 14 1 12 14 14 14 
7 16 11 18 2 14 7 7 19 13 13 6 13 1 12 14 14 14 
7 16 11 18 7 9 7 7 19 2 13 6 13 1 12 14 14 14 
7 16 11 18 7 14 19 8 19 2 13 6 13 1 14 14 14 14 
7 16 11 18 7 14 19 8 19 2 13 6 14 1 14 14 14 14 
7 16 11 18 2 9 7 8 13 9 13 6 2 1 12 14 14 14 
7 16 11 18 9 14 19 7 19 15 13 6 13 1 16 14 14 14 
7 16 11 18 7 9 7 8 19 2 13 6 14 1 12 14 14 14 
7 16 11 18 7 9 7 7 19 2 13 6 13 1 12 14 14 14 
7 16 11 18 3 9 19 7 19 14 13 6 13 1 14 14 14 14 
7 16 11 18 7 14 7 7 19 2 13 6 13 1 12 14 14 14 
7 16 11 18 7 14 19 7 19 2 13 6 13 1 14 14 14 14 
7 16 11 18 2 9 7 7 19 13 13 6 13 1 12 14 14 14 
7 16 11 18 3 9 19 8 19 14 13 6 14 1 14 14 14 14 
7 16 11 18 7 9 7 7 19 2 13 6 13 1 12 14 14 14 
7 16 11 18 7 9 7 8 15 2 13 6 20 1 12 14 14 14 
7 16 11 18 3 9 19 8 15 14 13 6 20 1 14 14 14 14 
7 16 11 18 2 14 7 8 19 9 13 6 14 1 12 14 14 14 
7 16 11 18 7 14 7 7 19 2 13 6 13 1 12 14 14 14 
7 16 11 18 2 14 19 7 19 7 13 6 13 1 14 14 14 14 
7 16 11 18 3 9 19 8 15 14 13 6 20 1 14 14 14 14 
7 16 11 18 3 14 19 7 19 14 13 6 13 1 12 14 14 14 
7 16 11 18 2 14 7 8 19 13 13 6 13 1 12 14 14 14 
7 16 11 18 2 9 7 7 19 20 13 6 13 1 14 14 14 14 
7 16 11 18 3 14 19 7 19 14 13 6 13 1 12 14 14 14 
7 16 11 18 7 9 7 8 19 2 13 6 14 1 12 14 14 14 
7 16 11 18 3 9 19 7 19 14 13 6 13 1 14 14 14 14 
7 16 11 18 7 9 7 8 19 2 13 6 7 1 12 14 14 14 
7 16 11 18 3 9 19 8 15 14 13 6 20 1 12 14 14 14 
7 16 11 18 7 14 19 11 19 2 13 6 13 1 14 14 14 14 
7 16 11 18 15 14 19 7 19 2 13 6 20 1 19 14 14 14 
7 16 11 18 7 14 7 8 19 2 13 6 14 1 12 14 14 14 
7 16 11 18 3 14 19 11 19 14 13 6 13 1 14 14 14 14 
7 16 11 18 2 14 7 7 19 20 13 6 13 1 14 14 14 14 
7 16 11 18 7 9 7 8 7 2 13 6 13 1 12 14 14 14 
7 16 11 18 7 9 19 8 15 2 13 6 20 1 14 14 14 14 
7 16 11 18 2 9 7 8 19 9 13 6 14 1 12 14 14 14 
7 16 11 18 3 9 19 8 19 14 13 6 14 1 14 14 14 14 
7 16 11 18 7 9 7 8 15 2 13 6 20 1 12 14 14 14 
7 16 11 18 2 14 7 7 19 13 13 6 13 1 12 14 14 14 
7 16 11 18 7 9 19 8 19 2 13 6 14 1 14 14 14 14 
7 16 11 18 3 14 19 8 19 14 13 6 14 1 12 14 14 14 
7 16 11 18 7 9 7 7 19 2 13 6 13 1 12 14 14 14 
7 16 11 18 3 14 19 7 19 14 13 6 13 1 14 14 14 14 
7 16 11 18 7 14 7 8 19 2 13 6 14 1 12 14 14 14 
7 16 11 18 7 14 19 8 19 2 13 6 14 1 14 14 14 14 
7 16 11 18 3 14 19 8 19 14 13 6 13 1 14 14 14 14 
7 16 11 18 3 9 19 8 15 14 13 6 20 1 14 14 14 14 
7 16 11 18 2 9 7 7 19 13 13 6 13 1 12 14 14 14 
7 16 11 18 7 9 19 7 19 2 13 6 13 1 14 14 14 14 
7 16 11 18 2 9 19 7 19 7 13 6 13 1 14 14 14 14 
7 16 11 18 2 9 7 7 19 13 13 6 13 1 12 14 14 14 
7 16 11 18 7 9 7 8 15 2 13 6 20 1 12 14 14 14 
7 16 11 18 7 14 7 7 19 2 13 6 13 1 12 14 14 14 
7 16 11 18 2 14 7 8 19 13 13 6 13 1 12 14 14 14 
7 16 11 18 7 9 19 7 19 2 13 6 13 1 14 14 14 14 
7 16 11 18 7 9 7 8 19 2 13 6 14 1 12 14 14 14 
7 16 11 18 7 9 7 7 19 2 13 6 13 1 12 14 14 14 
7 16 11 18 2 9 7 7 19 20 13 6 13 1 14 14 14 14 
7 16 11 18 7 9 7 7 19 2 13 6 13 1 12 14 14 14 
7 16 11 18 7 9 7 8 19 2 13 6 7 1 12 14 14 14 
7 16 11 18 3 9 19 7 19 14 13 6 13 1 14 14 14 14 
7 16 11 18 3 9 19 7 19 14 13 6 13 1 12 14 14 14 
7 16 11 18 7 14 19 7 19 2 13 6 13 1 14 14 14 14 
7 16 11 18 9 9 7 7 19 9 13 6 13 1 12 14 14 14 
7 16 11 18 7 9 7 7 19 2 13 6 13 1 12 14 14 14 
7 16 11 18 2 9 7 8 19 9 13 6 7 1 12 14 14 14 
7 16 11 18 7 14 7 7 19 2 13 6 13 1 12 14 14 14 
7 16 11 18 7 14 19 7 19 2 13 6 13 1 14 14 14 14 
7 16 11 18 3 9 19 8 15 14 13 6 20 1 14 14 14 14 
7 16 11 18 7 9 7 8 19 2 13 6 14 1 12 14 14 14 
7 16 11 18 2 9 7 7 19 13 13 6 13 1 12 14 14 14 
7 16 11 18 3 9 19 8 15 14 13 6 20 1 14 14 14 14 
7 16 11 18 3 9 19 7 19 14 13 6 13 1 12 14 14 14 
7 16 11 18 7 9 7 8 19 2 13 6 7 1 12 14 14 14 
7 16 11 18 7 9 7 8 19 2 13 6 7 1 12 14 14 14 
7 16 11 18 3 14 19 8 19 14 13 6 14 1 14 14 14 14 
7 16 11 18 7 9 19 8 19 2 13 6 14 1 14 14 14 14 
7 16 11 18 7 9 19 8 15 2 13 6 20 1 14 14 14 14 
7 16 11 18 7 9 7 8 19 2 13 6 14 1 12 14 14 14 
7 16 11 18 7 9 7 8 7 2 13 6 13 1 12 14 14 14 
7 16 11 18 7 9 19 8 2 2 13 6 13 1 14 14 14 14 
7 16 11 18 7 14 7 8 19 2 13 6 13 1 12 14 14 14 
7 16 11 18 7 9 7 7 19 2 13 6 13 1 12 14 14 14 
7 16 11 18 2 9 7 8 19 9 13 6 14 1 12 14 14 14 
7 16 11 18 3 9 19 8 15 14 13 6 20 1 14 14 14 14 
7 16 11 18 2 9 7 8 19 9 13 6 14 1 12 14 14 14 
7 16 11 18 3 9 19 8 15 14 13 6 20 1 12 14 14 14 
7 16 11 18 7 14 7 8 19 2 13 6 13 1 12 14 14 14 
7 16 11 18 7 14 19 7 19 2 13 6 13 1 14 14 14 14 
7 16 11 18 7 14 19 7 19 2 13 6 13 1 14 14 14 14 
7 16 11 18 3 9 19 8 15 14 13 6 20 1 12 14 14 14 
7 16 11 18 7 9 7 7 19 2 13 6 13 1 12 14 14 14 
7 16 11 18 7 14 19 8 19 2 13 6 13 1 14 14 14 14 
7 16 11 18 7 14 7 8 19 2 13 6 13 1 12 14 14 14 
7 16 11 18 7 14 7 8 19 2 13 6 13 1 12 14 14 14 
7 16 11 18 7 9 7 8 19 2 13 6 14 1 12 14 14 14 
7 16 11 18 7 9 19 7 19 2 13 6 13 1 14 14 14 14 
7 16 11 18 7 9 7 8 19 2 13 6 14 1 12 14 14 14 
7 16 11 18 7 9 19 8 19 2 13 6 7 1 14 14 14 14 
7 16 11 18 7 14 7 7 19 2 13 6 13 1 12 14 14 14 
7 16 11 18 7 9 7 7 19 2 13 6 13 1 12 14 14 14 
7 16 11 18 7 14 19 7 19 2 13 6 13 1 14 14 14 14 
7 16 11 18 7 9 7 8 19 2 13 6 14 1 12 14 14 14 
7 16 11 18 2 9 7 8 19 13 13 6 13 1 12 14 14 14 
7 16 11 18 3 9 19 8 15 14 13 6 20 1 12 14 14 14 
7 16 11 18 7 9 7 8 19 2 13 6 14 1 12 14 14 14 
7 16 11 18 7 14 19 7 19 2 13 6 13 1 14 14 14 14 
7 16 11 18 2 14 7 8 19 13 13 6 13 1 12 14 14 14 
7 16 11 18 2 14 7 7 19 13 13 6 13 1 12 14 14 14 
7 16 11 18 7 9 7 8 13 2 13 6 2 1 12 14 14 14 
7 16 11 18 2 9 7 7 19 13 13 6 13 1 12 14 14 14 
7 16 11 18 7 9 19 7 19 2 13 6 13 1 14 14 14 14 
7 16 11 18 2 9 7 8 19 9 13 6 14 1 12 14 14 14 
7 16 11 18 2 14 7 8 19 9 13 6 14 1 12 14 14 14 
7 16 11 18 16 14 3 7 19 3 13 6 13 1 12 14 14 14 
7 16 11 18 16 14 3 8 19 3 13 6 14 1 12 14 14 14 
7 16 11 18 3 9 19 8 19 14 13 6 14 1 14 14 14 14 
7 16 11 18 3 14 19 8 19 14 13 6 13 1 14 14 14 14 
7 16 11 18 2 14 19 7 19 7 13 6 13 1 14 14 14 14 
7 16 11 18 3 14 19 8 19 14 13 6 14 1 14 14 14 14 
7 16 11 18 7 14 19 8 19 2 13 6 14 1 14 14 14 14 
7 16 11 18 7 9 7 8 19 2 13 6 7 1 12 14 14 14 
7 16 11 18 7 9 7 8 19 2 13 6 7 1 12 14 14 14 
7 16 11 18 3 14 19 7 19 14 13 6 13 1 12 14 14 14 
7 16 11 18 2 9 7 8 19 9 13 6 7 1 12 14 14 14 
7 16 11 18 7 14 19 8 19 2 13 6 13 1 14 14 14 14 
7 16 11 18 2 9 7 7 19 13 13 6 13 1 12 14 14 14 
7 16 11 18 7 14 7 8 19 2 13 6 14 1 12 14 14 14 
7 16 11 18 7 14 7 7 19 2 13 6 13 1 12 14 14 14 
7 16 11 18 7 9 7 7 19 2 13 6 13 1 12 14 14 14 
7 16 11 18 2 9 7 8 19 9 13 6 7 1 12 14 14 14 
7 16 11 18 7 14 7 7 19 2 13 6 13 1 12 14 14 14 
7 16 11 18 7 9 7 7 19 2 13 6 13 1 12 14 14 14 
7 16 11 18 7 14 7 7 19 2 13 6 13 1 12 14 14 14 
7 16 11 18 7 9 7 7 19 2 13 6 13 1 12 14 14 14 
7 16 11 18 3 9 19 8 19 14 13 6 14 1 12 14 14 14 
7 16 11 18 7 9 19 8 19 2 13 6 7 1 14 14 14 14 
7 16 11 18 16 14 3 7 19 3 13 6 13 1 12 14 14 14 
7 16 11 18 7 14 7 8 19 2 13 6 14 1 12 14 14 14 
7 16 11 18 3 14 19 7 19 14 13 6 13 1 14 14 14 14 
7 16 11 18 7 14 19 7 19 2 13 6 13 1 14 14 14 14 
7 16 11 18 7 14 7 11 19 2 13 6 13 1 12 14 14 14 
7 16 11 18 7 9 7 8 2 2 13 6 13 1 12 14 14 14 
7 16 11 18 7 14 19 7 19 2 13 6 13 1 14 14 14 14 
7 16 11 18 3 9 19 8 19 14 13 6 14 1 14 14 14 14 
7 16 11 18 7 14 19 7 19 2 13 6 13 1 14 14 14 14 
7 16 11 18 7 14 19 7 19 2 13 6 13 1 14 14 14 14 
7 16 11 18 2 14 7 7 19 13 13 6 13 1 12 14 14 14 
7 16 11 18 2 14 19 7 19 7 13 6 13 1 14 14 14 14 
7 16 11 18 2 9 7 7 19 13 13 6 13 1 12 14 14 14 
7 16 11 18 7 14 19 7 19 2 13 6 13 1 14 14 14 14 
7 16 11 18 3 9 19 8 15 14 13 6 20 1 14 14 14 14 
7 16 11 18 2 9 7 7 19 13 13 6 13 1 12 14 14 14 
7 16 11 18 7 14 19 7 19 2 13 6 13 1 14 14 14 14 
7 16 11 18 3 9 19 8 15 14 13 6 20 1 14 14 14 14 
7 16 11 18 3 14 19 7 19 14 13 6 13 1 12 14 14 14 
7 16 11 18 2 9 7 7 19 13 13 6 13 1 12 14 14 14 
7 16 11 18 2 9 7 8 7 20 13 6 13 1 14 14 14 14 
7 16 11 18 2 14 7 7 19 13 13 6 13 1 12 14 14 14 
7 16 11 18 3 14 19 7 19 14 13 6 13 1 14 14 14 14 
7 16 11 18 2 9 7 8 19 9 13 6 7 1 12 14 14 14 
7 16 11 18 3 14 19 7 19 14 13 6 13 1 14 14 14 14 
7 16 11 18 7 9 7 7 19 2 13 6 13 1 12 14 14 14 
7 16 11 18 3 9 19 8 15 14 13 6 20 1 14 14 14 14 
7 16 11 18 2 14 7 8 19 13 13 6 13 1 12 14 14 14 
7 16 11 18 7 9 7 8 19 2 13 6 7 1 12 14 14 14 
7 16 11 18 7 14 7 7 19 2 13 6 13 1 12 14 14 14 
7 16 11 18 7 14 7 8 19 2 13 6 14 1 12 14 14 14 
7 16 11 18 3 9 19 8 15 14 13 6 20 1 12 14 14 14 
7 16 11 18 7 14 19 8 19 2 13 6 13 1 14 14 14 14 
7 16 11 18 2 14 7 8 19 9 13 6 14 1 12 14 14 14 
7 16 11 18 2 9 7 8 19 9 13 6 14 1 12 14 14 14 
7 16 11 18 7 9 19 8 15 2 13 6 20 1 14 14 14 14 
7 16 11 18 3 9 19 8 15 14 13 6 20 1 14 14 14 14 
7 16 11 18 3 14 19 7 19 14 13 6 13 1 12 14 14 14 
7 16 11 18 3 9 19 8 19 14 13 6 14 1 14 14 14 14 
7 16 11 18 7 9 7 7 19 2 13 6 13 1 12 14 14 14 
7 16 11 18 20 9 14 7 19 2 13 6 13 1 14 14 14 14 
7 16 11 18 3 9 19 8 19 14 13 6 14 1 14 14 14 14 
7 16 11 18 2 14 7 8 19 9 13 6 14 1 12 14 14 14 
7 16 11 18 2 14 7 7 19 13 13 6 13 1 12 14 14 14 
7 16 11 18 2 14 7 8 19 13 13 6 13 1 12 14 14 14 
7 16 11 18 2 9 19 7 19 7 13 6 13 1 14 14 14 14 
7 16 11 18 3 14 19 7 19 14 13 6 13 1 14 14 14 14 
7 16 11 18 7 14 7 7 19 2 13 6 13 1 12 14 14 14 
7 16 11 18 2 9 7 7 19 13 13 6 13 1 12 14 14 14 
7 16 11 18 3 14 19 7 19 16 13 6 13 1 12 14 14 14 
7 16 11 18 3 9 19 8 19 14 13 6 14 1 12 14 14 14 
7 16 11 18 2 9 7 7 19 13 13 6 13 1 12 14 14 14 
7 16 11 18 7 9 7 8 19 2 13 6 14 1 12 14 14 14 
7 16 11 18 7 9 7 8 19 2 13 6 14 1 12 14 14 14 
7 16 11 18 7 9 7 8 19 2 13 6 7 1 12 14 14 14 
7 16 11 18 7 9 7 8 15 2 13 6 20 1 12 14 14 14 
7 16 11 18 7 14 7 11 19 2 13 6 13 1 12 14 14 14 
7 16 11 18 7 9 7 8 15 2 13 6 20 1 12 14 14 14 
7 16 11 18 7 9 7 7 19 2 13 6 13 1 12 14 14 14 
7 16 11 18 7 14 7 8 19 2 13 6 14 1 12 14 14 14 
7 16 11 18 7 14 7 7 19 2 13 6 13 1 12 14 14 14 
7 16 11 18 7 9 7 8 19 2 13 6 14 1 12 14 14 14 
7 16 11 18 7 9 19 8 19 2 13 6 13 1 14 14 14 14 
7 16 11 18 2 14 19 7 19 7 13 6 13 1 14 14 14 14 
7 16 11 18 3 9 19 7 19 14 13 6 13 1 14 14 14 14 
7 16 11 18 7 9 7 7 19 2 13 6 13 1 12 14 14 14 
7 16 11 18 7 9 19 7 19 2 13 6 13 1 14 14 14 14 
7 16 11 18 7 14 7 11 19 2 13 6 13 1 12 14 14 14 
7 16 11 18 3 9 19 7 19 14 13 6 13 1 12 14 14 14 
7 16 11 18 7 14 19 8 19 2 13 6 13 1 14 14 14 14 
7 16 11 18 7 14 7 8 19 2 13 6 13 1 12 14 14 14 
7 16 11 18 3 9 19 8 15 14 13 6 20 1 14 14 14 14 
7 16 11 18 2 9 19 7 19 7 13 6 13 1 14 14 14 14 
7 16 11 18 3 9 19 8 15 14 13 6 20 1 14 14 14 14 
7 16 11 18 7 9 7 7 19 2 13 6 13 1 12 14 14 14 
7 16 11 18 7 9 19 8 19 2 13 6 7 1 14 14 14 14 
7 16 11 18 2 14 7 7 19 13 13 6 13 1 12 14 14 14 
7 16 11 18 7 9 7 8 19 2 13 6 14 1 12 14 14 14 
7 16 11 18 3 9 19 8 15 14 13 6 20 1 14 14 14 14 
7 16 11 18 3 9 19 8 15 14 13 6 20 1 14 14 14 14 
7 16 11 18 7 14 7 8 19 2 13 6 14 1 12 14 14 14 
7 16 11 18 7 9 7 8 15 2 13 6 20 1 12 14 14 14 
7 16 11 18 2 9 7 7 19 13 13 6 13 1 12 14 14 14 
7 16 11 18 7 9 7 8 19 2 13 6 7 1 12 14 14 14 
7 16 11 18 7 9 19 7 19 2 13 7 13 1 14 14 14 14 
7 16 11 18 7 9 19 8 13 2 13 6 2 1 14 14 14 14 
7 16 11 18 7 9 19 8 19 2 13 6 7 1 14 14 14 14 
7 16 11 18 7 9 7 8 19 2 13 6 14 1 12 14 14 14 
7 16 11 18 7 14 7 8 19 2 13 6 14 1 12 14 14 14 
7 16 11 18 2 14 19 7 19 7 13 6 13 1 14 14 14 14 
7 16 11 18 3 9 19 8 15 14 13 6 20 1 14 14 14 14 
7 16 11 18 7 9 7 8 19 2 13 6 7 1 12 14 14 14 
7 16 11 18 7 9 19 8 19 2 13 6 14 1 14 14 14 14 
7 16 11 18 7 9 7 8 19 2 13 6 14 1 12 14 14 14 
7 16 11 18 3 9 19 8 15 14 13 6 20 1 14 14 14 14 
7 16 11 18 7 9 7 8 19 2 13 6 7 1 12 14 14 14 
7 16 11 18 2 9 7 7 19 13 13 6 13 1 12 14 14 14 
7 16 11 18 7 9 7 7 19 2 13 6 13 1 12 14 14 14 
7 16 11 18 7 14 19 7 19 2 13 6 13 1 14 14 14 14 
7 16 11 18 2 14 7 7 19 13 13 6 13 1 12 14 14 14 
7 16 11 18 2 14 7 7 19 20 13 6 13 1 14 14 14 14 
7 16 11 18 7 9 19 8 19 2 13 6 14 1 14 14 14 14 
7 16 11 18 7 14 7 7 19 2 13 6 13 1 12 14 14 14 
7 16 11 18 2 9 7 7 19 13 13 6 13 1 12 14 14 14 
7 16 11 18 2 14 7 7 19 13 13 6 13 1 12 14 14 14 
7 16 11 18 2 14 19 7 19 7 13 6 13 1 14 14 14 14 
7 16 11 18 7 14 19 7 19 2 13 6 13 1 14 14 14 14 
7 16 11 18 7 14 7 8 19 2 13 6 13 1 12 14 14 14 
7 16 11 18 7 14 7 8 19 2 13 6 13 1 12 14 14 14 
7 16 11 18 7 9 7 8 7 2 13 6 13 1 12 14 14 14 
7 16 11 18 3 14 19 7 19 14 13 6 13 1 14 14 14 14 
7 16 11 18 2 14 7 7 19 13 13 6 13 1 12 14 14 14 
7 16 11 18 3 9 19 8 15 14 13 6 20 1 14 14 14 14 
7 16 11 18 3 9 19 8 15 14 13 6 20 1 14 14 14 14 
7 16 11 18 3 9 19 8 15 14 13 6 20 1 14 14 14 14 
7 16 11 18 7 9 7 8 15 2 13 6 20 1 12 14 14 14 
7 16 11 18 3 14 19 11 19 14 13 6 13 1 14 14 14 14 
7 16 11 18 7 9 7 8 19 2 13 6 14 1 12 14 14 14 
7 16 11 18 7 9 7 7 19 2 13 6 13 1 12 14 14 14 
7 16 11 18 3 9 19 7 19 14 13 6 13 1 12 14 14 14 
7 16 11 18 7 9 7 11 19 2 13 6 13 1 12 14 14 14 
7 16 11 18 2 14 7 8 19 9 13 6 14 1 12 14 14 14 
7 16 11 18 7 9 7 8 19 2 13 6 14 1 12 14 14 14 
7 16 11 18 7 14 19 8 19 2 13 6 14 1 14 14 14 14 
7 16 11 18 2 9 19 7 19 7 13 6 13 1 14 14 14 14 
7 16 11 18 7 14 19 7 19 2 13 6 13 1 14 14 14 14 
7 16 11 18 7 9 19 8 19 2 13 6 14 1 14 14 14 14 
7 16 11 18 7 14 7 7 19 2 13 6 13 1 12 14 14 14 
7 16 11 18 7 9 7 7 19 2 13 6 13 1 12 14 14 14 
7 16 11 18 3 9 19 8 19 14 13 6 14 1 14 14 14 14 
7 16 11 18 2 14 7 7 19 13 13 6 13 1 12 14 14 14 
7 16 11 18 3 14 19 7 19 14 13 6 13 1 12 14 14 14 
7 16 11 18 7 14 19 7 19 2 13 6 13 1 14 14 14 14 
7 16 11 18 3 9 19 8 19 14 13 6 14 1 14 14 14 14 
7 16 11 18 2 9 7 8 19 9 13 6 14 1 12 14 14 14 
7 16 11 18 2 14 7 7 19 13 13 6 13 1 12 14 14 14 
7 16 11 18 2 9 7 8 19 9 13 6 14 1 12 14 14 14 
7 16 11 18 7 9 7 7 19 2 13 6 13 1 12 14 14 14 
7 16 11 18 2 9 7 8 19 9 13 6 7 1 12 14 14 14 
7 16 11 18 7 9 13 8 15 2 13 6 20 1 13 14 18 14 
7 16 11 18 7 14 7 7 19 2 13 6 13 1 12 14 14 14 
7 16 11 18 3 9 19 7 19 14 13 6 13 1 14 14 14 14 
7 16 11 18 7 9 13 7 19 2 13 6 13 1 13 14 18 14 
7 16 11 18 2 9 7 8 19 9 13 6 14 1 12 14 14 14 
7 16 11 18 7 9 19 7 19 2 13 6 13 1 14 14 14 14 
7 16 11 18 7 9 7 7 19 2 13 6 13 1 12 14 14 14 
7 16 11 18 2 9 7 8 19 9 13 6 14 1 12 14 14 14 
7 16 11 18 3 14 19 7 19 14 13 6 13 1 14 14 14 14 
7 16 11 18 7 14 19 7 19 2 13 6 13 1 14 14 14 14 
7 16 11 18 7 9 7 7 19 2 13 6 13 1 12 14 14 14 
7 16 11 18 7 9 7 7 19 2 13 6 13 1 12 14 14 14 
7 16 11 18 7 9 7 8 19 2 13 6 14 1 12 14 14 14 
7 16 11 18 7 9 7 7 19 2 13 7 13 1 12 14 14 14 
7 16 11 18 7 14 19 7 19 2 13 6 13 1 14 14 14 14 
7 16 11 18 7 9 7 8 19 2 13 6 7 1 12 14 14 14 
7 16 11 18 2 9 7 8 19 9 13 6 7 1 12 14 14 14 
7 16 11 18 2 14 7 7 19 20 13 6 13 1 14 14 14 14 
7 16 11 18 7 9 7 8 19 2 13 6 7 1 12 14 14 14 
7 16 11 18 2 14 13 7 19 13 13 6 13 1 13 14 18 14 
7 16 11 18 7 9 19 8 7 2 13 6 13 1 14 14 14 14 
7 16 11 18 3 9 19 8 15 14 13 6 20 1 12 14 14 14 
7 16 11 18 15 14 19 11 19 2 13 6 20 1 19 14 14 14 
7 16 11 18 7 14 7 7 19 2 13 6 13 1 12 14 14 14 
7 16 11 18 2 14 19 7 19 7 13 6 13 1 14 14 14 14 
7 16 11 18 7 14 7 7 19 2 13 6 13 1 12 14 14 14 
7 16 11 18 7 9 19 8 19 2 13 6 7 1 14 14 14 14 
7 16 11 18 7 9 7 7 19 2 13 6 13 1 12 14 14 14 
7 16 11 18 7 14 7 8 19 2 13 6 13 1 12 14 14 14 
7 16 11 18 2 14 13 7 19 13 13 6 13 1 13 14 18 14 
7 16 11 18 7 9 19 8 19 2 13 6 14 1 14 14 14 14 
7 16 11 18 7 14 7 7 19 2 13 6 13 1 12 14 14 14 
7 16 11 18 7 9 19 7 19 2 13 6 13 1 14 14 14 14 
7 16 11 18 7 9 19 7 19 2 13 6 13 1 14 14 14 14 
7 16 11 18 3 14 19 7 19 14 13 6 13 1 14 14 14 14 
7 16 11 18 3 9 19 8 15 14 13 6 20 1 14 14 14 14 
7 16 11 18 2 9 7 8 19 9 13 6 7 1 12 14 14 14 
7 16 11 18 7 14 7 8 19 2 13 6 13 1 12 14 14 14 
7 16 11 18 7 14 7 7 19 2 13 6 13 1 12 14 14 14 
7 16 11 18 7 14 7 7 19 2 13 6 13 1 12 14 14 14 
7 16 11 18 7 9 7 7 19 2 13 6 13 1 12 14 14 14 
7 16 11 18 3 9 19 8 15 14 13 6 20 1 14 14 14 14 
7 16 11 18 7 14 19 7 19 2 13 6 13 1 14 14 14 14 
7 16 11 18 7 14 7 7 19 2 13 6 13 1 12 14 14 14 
7 16 11 18 7 9 7 8 19 2 13 6 7 1 12 14 14 14 
7 16 11 18 7 9 7 7 19 2 13 6 13 1 12 14 14 14 
7 16 11 18 3 9 19 8 15 14 13 6 20 1 14 14 14 14 
7 16 11 18 7 14 19 8 19 2 13 6 14 1 14 14 14 14 
7 16 11 18 3 9 19 7 19 14 13 6 13 1 14 14 14 14 
7 16 11 18 7 9 7 8 15 2 13 6 20 1 12 14 14 14 
7 16 11 18 7 9 7 7 19 2 13 6 13 1 12 14 14 14 
7 16 11 18 9 14 7 11 19 9 13 6 13 1 12 14 14 14 
7 16 11 18 7 9 7 8 15 2 13 6 20 1 12 14 14 14 
7 16 11 18 7 9 7 8 19 2 13 6 7 1 12 14 14 14 
7 16 11 18 7 9 7 7 19 2 13 6 13 1 12 14 14 14 
7 16 11 18 3 14 19 7 19 14 13 6 13 1 12 14 14 14 
7 16 11 18 3 9 19 7 19 14 13 6 13 1 14 14 14 14 
7 16 11 18 2 9 7 8 13 9 13 6 2 1 12 14 14 14 
7 16 11 18 2 14 7 8 19 9 13 6 14 1 12 14 14 14 
7 16 11 18 3 9 19 8 19 14 13 6 14 1 14 14 14 14 
7 16 11 18 9 9 7 7 19 9 13 6 13 1 12 14 14 14 
7 16 11 18 3 9 19 8 19 14 13 6 14 1 14 14 14 14 
7 16 11 18 3 9 19 8 19 14 13 6 14 1 14 14 14 14 
7 16 11 18 7 9 19 8 15 2 13 6 20 1 14 14 14 14 
7 16 11 18 7 14 7 8 19 2 13 6 13 1 12 14 14 14 
7 16 11 18 2 14 7 8 19 13 13 6 13 1 12 14 14 14 
7 16 11 18 3 14 19 11 19 14 13 6 13 1 14 14 14 14 
7 16 11 18 3 14 19 8 19 14 13 6 14 1 14 14 14 14 
7 16 11 18 2 14 7 7 19 13 13 6 13 1 12 14 14 14 
7 16 11 18 2 9 7 8 15 9 13 6 20 1 12 14 14 14 
7 16 11 18 3 14 19 7 19 16 13 6 13 1 12 14 14 14 
7 16 11 18 7 14 19 7 19 2 13 6 13 1 14 14 14 14 
7 16 11 18 3 9 19 8 19 14 13 6 14 1 14 14 14 14 
7 16 11 18 7 9 7 8 19 2 13 6 7 1 12 14 14 14 
7 16 11 18 7 9 7 7 19 2 13 6 13 1 12 14 14 14 
7 16 11 18 2 9 7 7 19 13 13 6 13 1 12 14 14 14 
7 16 11 18 7 9 7 7 19 2 13 6 13 1 12 14 14 14 
7 16 11 18 7 14 7 7 19 2 13 6 13 1 12 14 14 14 
7 16 11 18 7 14 7 7 19 2 13 6 13 1 12 14 14 14 
7 16 11 18 7 14 19 7 19 2 13 6 13 1 14 14 14 14 
7 16 11 18 2 9 7 8 19 9 13 6 7 1 12 14 14 14 
7 16 11 18 3 9 19 8 15 14 13 6 20 1 14 14 14 14 
7 16 11 18 7 9 7 7 19 2 13 6 13 1 12 14 14 14 
7 16 11 18 3 9 19 7 19 14 13 6 13 1 14 14 14 14 
7 16 11 18 7 9 19 8 7 2 13 6 13 1 14 14 14 14 
7 16 11 18 3 9 19 8 15 14 13 6 20 1 14 14 14 14 
7 16 11 18 7 14 19 8 19 2 13 6 13 1 14 14 14 14 
7 16 11 18 3 9 19 7 19 14 13 6 13 1 12 14 14 14 
7 16 11 18 7 9 19 7 19 2 13 6 13 1 14 14 14 14 
7 16 11 18 7 9 7 8 19 2 13 6 7 1 12 14 14 14 
7 16 11 18 7 9 7 8 19 2 13 6 7 1 12 14 14 14 
7 16 11 18 7 9 7 7 19 2 13 6 13 1 12 14 14 14 
7 16 11 18 7 14 19 7 19 2 13 6 13 1 14 14 14 14 
7 16 11 18 3 14 19 7 19 14 13 6 13 1 12 14 14 14 
7 16 11 18 7 14 19 7 19 2 13 6 13 1 14 14 14 14 
7 16 11 18 7 9 7 8 15 2 13 6 20 1 12 14 14 14 
7 16 11 18 3 14 19 7 19 14 13 6 13 1 12 14 14 14 
7 16 11 18 7 9 7 8 19 2 13 6 14 1 12 14 14 14 
7 16 11 18 2 9 19 7 19 7 13 6 13 1 14 14 14 14 
7 16 11 18 3 14 19 8 19 14 13 6 13 1 14 14 14 14 
7 16 11 18 7 14 7 7 19 2 13 6 13 1 12 14 14 14 
7 16 11 18 7 9 7 7 19 2 13 6 13 1 12 14 14 14 
7 16 11 18 7 14 7 7 19 2 13 6 13 1 12 14 14 14 
7 16 11 18 7 9 19 8 19 2 13 6 14 1 14 14 14 14 
7 16 11 18 2 9 7 7 19 13 13 6 13 1 12 14 14 14 
7 16 11 18 3 9 19 7 19 14 13 6 13 1 14 14 14 14 
7 16 11 18 7 14 7 7 19 2 13 6 13 1 12 14 14 14 
7 16 11 18 7 14 7 7 19 2 13 6 13 1 12 14 14 14 
7 16 11 18 3 9 19 8 15 14 13 6 20 1 14 14 14 14 
7 16 11 18 2 9 7 8 7 13 13 6 13 1 12 14 14 14 
7 16 11 18 7 9 7 8 15 2 13 6 20 1 12 14 14 14 
7 16 11 18 3 9 19 8 15 14 13 6 20 1 12 14 14 14 
7 16 11 18 9 14 7 7 19 9 13 6 13 1 12 14 14 14 
7 16 11 18 7 9 7 8 15 2 13 6 20 1 12 14 14 14 
7 16 11 18 3 14 19 8 19 14 13 6 13 1 12 14 14 14 
7 16 11 18 2 9 7 7 19 13 13 6 13 1 12 14 14 14 
7 16 11 18 7 14 19 7 19 2 13 6 13 1 14 14 14 14 
7 16 11 18 7 9 7 8 19 2 13 6 7 1 12 14 14 14 
7 16 11 18 3 14 19 7 19 14 13 6 13 1 14 14 14 14 
7 16 11 18 7 9 19 8 19 2 13 6 14 1 14 14 14 14 
7 16 11 18 2 9 7 8 19 13 13 6 13 1 12 14 14 14 
7 16 11 18 2 14 7 8 19 9 13 6 14 1 12 14 14 14 
7 16 11 18 7 9 7 7 19 2 13 6 13 1 12 14 14 14 
7 16 11 18 2 9 7 8 19 9 13 6 7 1 12 14 14 14 
7 16 11 18 7 14 7 7 19 2 13 6 13 1 12 14 14 14 
7 16 11 18 7 9 7 8 19 2 13 6 14 1 12 14 14 14 
7 16 11 18 7 9 7 7 19 2 13 6 13 1 12 14 14 14 
7 16 11 18 7 9 7 8 19 2 13 6 7 1 12 14 14 14 
7 16 11 18 7 9 7 8 7 2 13 6 13 1 12 14 14 14 
7 16 11 18 7 14 19 7 19 2 13 6 13 1 14 14 14 14 
7 16 11 18 2 9 7 8 19 9 13 6 7 1 12 14 14 14 
7 16 11 18 7 14 19 11 19 2 13 6 13 1 14 14 14 14 
7 16 11 18 3 9 19 8 15 14 13 6 20 1 12 14 14 14 
7 16 11 18 7 9 7 8 19 2 13 6 7 1 12 14 14 14 
7 16 11 18 2 9 7 7 19 13 13 6 13 1 12 14 14 14 
7 16 11 18 2 9 7 8 19 9 13 6 7 1 12 14 14 14 
7 16 11 18 7 14 19 8 19 2 13 6 13 1 14 14 14 14 
7 16 11 18 2 9 7 8 7 13 13 6 13 1 12 14 14 14 
7 16 11 18 3 9 19 8 19 14 13 6 14 1 12 14 14 14 
7 16 11 18 2 9 7 7 19 13 13 6 13 1 12 14 14 14 
7 16 11 18 2 14 7 7 19 20 13 6 13 1 14 14 14 14 
7 16 11 18 3 9 19 8 19 14 13 6 14 1 12 14 14 14 
7 16 11 18 7 14 7 8 19 2 13 6 14 1 12 14 14 14 
7 16 11 18 7 9 19 8 19 2 13 6 14 1 14 14 14 14 
7 16 11 18 7 14 7 8 19 2 13 6 13 1 12 14 14 14 
7 16 11 18 7 9 19 8 19 2 13 6 14 1 14 14 14 14 
7 16 11 18 3 14 19 8 19 14 13 6 13 1 14 14 14 14 
7 16 11 18 7 9 7 7 19 2 13 6 13 1 12 14 14 14 
7 16 11 18 2 14 7 8 19 13 13 6 13 1 12 14 14 14 
7 16 11 18 7 9 7 7 19 2 13 6 13 1 12 14 14 14 
7 16 11 18 7 14 7 7 19 2 13 6 13 1 12 14 14 14 
7 16 11 18 7 9 7 8 15 2 13 6 20 1 12 14 14 14 
7 16 11 18 7 9 19 8 19 2 13 6 14 1 14 14 14 14 
7 16 11 18 3 9 19 8 19 16 13 6 14 1 14 14 14 14 
7 16 11 18 7 9 19 7 19 2 13 6 13 1 14 14 14 14 
7 16 11 18 2 14 19 8 19 7 13 6 13 1 14 14 14 14 
7 16 11 18 2 9 7 7 19 13 13 6 13 1 12 14 14 14 
7 16 11 18 3 14 19 8 19 14 13 6 14 1 14 14 14 14 
7 16 11 18 7 14 7 8 19 2 13 6 14 1 12 14 14 14 
7 16 11 18 7 9 19 8 19 2 13 6 14 1 14 14 14 14 
7 16 11 18 7 9 7 8 19 2 13 6 14 1 12 14 14 14 
7 16 11 18 2 9 7 8 19 9 13 6 14 1 12 14 14 14 
7 16 11 18 7 9 19 7 19 2 13 6 13 1 14 14 14 14 
7 16 11 18 7 14 7 8 19 2 13 6 14 1 12 14 14 14 
7 16 11 18 7 9 7 8 19 2 13 6 7 1 12 14 14 14 
7 16 11 18 2 14 19 7 19 7 13 6 13 1 14 14 14 14 
7 16 11 18 20 9 14 8 19 2 13 6 14 1 14 14 14 14 
7 16 11 18 7 14 7 8 19 2 13 6 13 1 12 14 14 14 
7 16 11 18 3 9 19 7 19 14 13 6 13 1 14 14 14 14 
7 16 11 18 3 9 19 8 19 14 13 6 14 1 12 14 14 14 
7 16 11 18 7 9 19 8 15 2 13 6 20 1 14 14 14 14 
7 16 11 18 7 9 19 8 19 2 13 6 14 1 14 14 14 14 
7 16 11 18 7 9 19 8 19 2 13 6 14 1 14 14 14 14 
7 16 11 18 7 9 19 8 19 2 13 6 14 1 14 14 14 14 
7 16 11 18 2 9 7 7 19 13 13 6 13 1 12 14 14 14 
7 16 11 18 7 9 19 8 19 2 13 6 14 1 14 14 14 14 
7 16 11 18 2 9 7 7 19 13 13 6 13 1 12 14 14 14 
7 16 11 18 3 14 19 8 19 14 13 6 13 1 14 14 14 14 
7 16 11 18 7 9 7 7 19 2 13 6 13 1 12 14 14 14 
7 16 11 18 3 9 19 7 19 14 13 6 13 1 14 14 14 14 
7 16 11 18 3 14 19 8 19 14 13 6 14 1 14 14 14 14 
7 16 11 18 2 14 7 7 19 13 13 6 13 1 12 14 14 14 
7 16 11 18 7 14 19 8 19 2 13 6 13 1 14 14 14 14 
7 16 11 18 7 9 7 7 19 2 13 6 13 1 12 14 14 14 
7 16 11 18 7 9 7 8 19 2 13 6 14 1 12 14 14 14 
7 16 11 18 7 9 19 7 19 2 13 6 13 1 14 14 14 14 
7 16 11 18 3 14 19 7 19 14 13 6 13 1 14 14 14 14 
7 16 11 18 7 9 19 8 19 2 13 6 7 1 14 14 14 14 
7 16 11 18 7 9 19 8 19 2 13 6 14 1 14 14 14 14 
7 16 11 18 2 9 7 7 19 13 13 6 13 1 12 14 14 14 
7 16 11 18 7 14 7 7 19 2 13 6 13 1 12 14 14 14 
7 16 11 18 7 9 7 8 19 2 13 6 7 1 12 14 14 14 
7 16 11 18 7 9 19 8 19 2 13 6 7 1 14 14 14 14 
7 16 11 18 7 9 7 8 19 2 13 6 14 1 12 14 14 14 
7 16 11 18 7 14 7 8 19 2 13 6 13 1 12 14 14 14 
7 16 11 18 9 9 7 7 19 9 13 6 13 1 12 14 14 14 
7 16 11 18 3 14 19 7 19 14 13 6 13 1 14 14 14 14 
7 16 11 18 7 14 7 8 19 2 13 6 14 1 12 14 14 14 
7 16 11 18 2 9 7 8 19 9 13 6 7 1 12 14 14 14 
7 16 11 18 7 9 7 7 19 2 13 6 13 1 12 14 14 14 
7 16 11 18 7 9 7 8 19 2 13 6 14 1 12 14 14 14 
7 16 11 18 2 9 7 8 19 9 13 6 14 1 12 14 14 14 
7 16 11 18 2 9 7 8 13 9 13 6 2 1 12 14 14 14 
7 16 11 18 2 14 13 7 19 13 13 6 13 1 13 14 18 14 
7 16 11 18 3 14 19 8 19 14 13 6 14 1 14 14 14 14 
7 16 11 18 7 9 7 8 7 2 13 6 13 1 12 14 14 14 
7 16 11 18 2 9 7 7 19 13 13 6 13 1 12 14 14 14 
7 16 11 18 3 14 19 7 19 14 13 6 13 1 14 14 14 14 
7 16 11 18 2 9 7 8 19 9 13 6 14 1 12 14 14 14 
7 16 11 18 7 9 19 7 19 2 13 6 13 1 14 14 14 14 
7 16 11 18 7 9 7 7 19 2 13 6 13 1 12 14 14 14 
7 16 11 18 3 9 19 7 19 14 13 6 13 1 14 14 14 14 
7 16 11 18 7 14 7 7 19 2 13 6 13 1 12 14 14 14 
7 16 11 18 3 9 19 8 15 14 13 6 20 1 14 14 14 14 
7 16 11 18 7 9 7 8 15 2 13 6 20 1 12 14 14 14 
7 16 11 18 7 9 7 8 19 2 13 6 14 1 12 14 14 14 
7 16 11 18 7 9 7 7 19 2 13 6 13 1 12 14 14 14 
7 16 11 18 7 14 7 7 19 2 13 6 13 1 12 14 14 14 
7 16 11 18 3 9 19 8 15 14 13 6 20 1 12 14 14 14 
7 16 11 18 7 9 7 8 19 2 13 6 14 1 12 14 14 14 
7 16 11 18 2 14 7 7 19 13 13 6 13 1 12 14 14 14 
7 16 11 18 7 9 7 7 19 2 13 7 13 1 12 14 14 14 
7 16 11 18 3 14 19 7 19 14 13 6 13 1 14 14 14 14 
7 16 11 18 3 14 19 7 19 14 13 6 13 1 14 14 14 14 
7 16 11 18 7 9 19 8 13 2 13 6 2 1 14 14 14 14 
7 16 11 18 7 9 19 7 19 2 13 6 13 1 14 14 14 14 
7 16 11 18 7 9 7 8 19 2 13 6 7 1 12 14 14 14 
7 16 11 18 7 14 19 8 19 2 13 6 14 1 14 14 14 14 
7 16 11 18 7 9 7 8 19 2 13 6 7 1 12 14 14 14 
7 16 11 18 7 9 7 8 19 2 13 6 14 1 12 14 14 14 
7 16 11 18 2 14 7 7 19 13 13 6 13 1 12 14 14 14 
7 16 11 18 7 9 19 8 19 2 13 6 7 1 14 14 14 14 
7 16 11 18 3 9 19 8 19 14 13 6 14 1 14 14 14 14 
7 16 11 18 7 9 19 7 19 2 13 6 13 1 14 14 14 14 
7 16 11 18 2 14 19 7 19 7 13 6 13 1 14 14 14 14 
7 16 11 18 7 9 19 8 19 2 13 6 7 1 14 14 14 14 
7 16 11 18 3 9 19 8 15 14 13 6 20 1 12 14 14 14 
7 16 11 18 16 14 3 7 19 3 13 6 13 1 12 14 14 14 
7 16 11 18 7 14 19 8 19 2 13 6 14 1 14 14 14 14 
7 16 11 18 7 9 19 8 19 2 13 6 7 1 14 14 14 14 
7 16 11 18 3 9 19 8 15 14 13 6 20 1 14 14 14 14 
7 16 11 18 7 9 7 8 19 2 13 6 7 1 12 14 14 14 
7 16 11 18 9 14 7 7 19 9 13 6 13 1 12 14 14 14 
7 16 11 18 7 14 19 7 19 2 13 6 13 1 14 14 14 14 
7 16 11 18 7 9 19 8 19 2 13 6 14 1 14 14 14 14 
7 16 11 18 7 9 7 8 13 2 13 6 2 1 12 14 14 14 
7 16 11 18 2 14 7 7 19 13 13 6 13 1 12 14 14 14 
7 16 11 18 3 9 19 7 19 14 13 6 13 1 12 14 14 14 
7 16 11 18 7 9 7 8 19 2 13 6 7 1 12 14 14 14 
7 16 11 18 7 14 7 8 19 2 13 6 13 1 12 14 14 14 
7 16 11 18 7 9 7 8 19 2 13 6 14 1 12 14 14 14 
7 16 11 18 3 14 19 7 19 14 13 6 13 1 12 14 14 14 
7 16 11 18 3 14 19 7 19 14 13 6 13 1 12 14 14 14 
7 16 11 18 7 9 19 8 15 2 13 6 20 1 14 14 14 14 
7 16 11 18 3 14 19 8 19 14 13 6 14 1 12 14 14 14 
7 16 11 18 3 14 19 7 19 14 13 6 13 1 12 14 14 14 
7 16 11 18 3 9 19 8 15 14 13 6 20 1 14 14 14 14 
7 16 11 18 7 9 19 8 19 2 13 6 14 1 14 14 14 14 
7 16 11 18 2 14 7 8 19 13 13 6 13 1 12 14 14 14 
7 16 11 18 20 14 14 7 19 2 13 6 13 1 14 14 14 14 
7 16 11 18 2 9 7 8 13 9 13 6 2 1 12 14 14 14 
7 16 11 18 7 9 7 8 7 2 13 6 13 1 12 14 14 14 
7 16 11 18 2 9 7 8 2 13 13 6 13 1 12 14 14 14 
7 16 11 18 7 9 7 7 19 2 13 6 13 1 12 14 14 14 
7 16 11 18 7 9 7 8 19 2 13 6 14 1 12 14 14 14 
7 16 11 18 7 9 7 7 19 2 13 6 13 1 12 14 14 14 
7 16 11 18 7 14 19 7 19 2 13 6 13 1 14 14 14 14 
7 16 11 18 2 9 7 8 19 9 13 6 7 1 12 14 14 14 
7 16 11 18 7 9 7 8 19 2 13 6 7 1 12 14 14 14 
7 16 11 18 3 14 19 8 19 14 13 6 14 1 14 14 14 14 
7 16 11 18 7 9 19 7 19 2 13 6 13 1 14 14 14 14 
7 16 11 18 7 14 7 8 19 2 13 6 13 1 12 14 14 14 
7 16 11 18 7 9 7 8 19 2 13 6 14 1 12 14 14 14 
7 16 11 18 7 9 7 8 19 2 13 6 7 1 12 14 14 14 
7 16 11 18 2 9 7 8 13 9 13 6 2 1 12 14 14 14 
7 16 11 18 3 9 19 7 19 14 13 6 13 1 14 14 14 14 
7 16 11 18 7 14 7 7 19 2 13 6 13 1 12 14 14 14 
7 16 11 18 7 14 7 7 19 2 13 6 13 1 12 14 14 14 
7 16 11 18 7 14 19 11 19 2 13 6 13 1 14 14 14 14 
7 16 11 18 7 14 19 8 19 2 13 6 14 1 14 14 14 14 
7 16 11 18 2 9 7 7 19 13 13 6 13 1 12 14 14 14 
7 16 11 18 3 14 19 7 19 14 13 6 13 1 14 14 14 14 
7 16 11 18 2 9 7 7 19 13 13 6 13 1 12 14 14 14 
7 16 11 18 7 9 19 7 19 2 13 6 13 1 14 14 14 14 
7 16 11 18 9 9 19 7 19 15 13 6 13 1 16 14 14 14 
7 16 11 18 3 9 19 8 15 14 13 6 20 1 12 14 14 14 
7 16 11 18 3 9 19 8 15 14 13 6 20 1 14 14 14 14 
7 16 11 18 7 14 7 7 19 2 13 6 13 1 12 14 14 14 
7 16 11 18 7 14 19 8 19 2 13 6 14 1 14 14 14 14 
7 16 11 18 7 9 7 7 19 2 13 6 13 1 12 14 14 14 
7 16 11 18 7 9 7 7 19 2 13 6 13 1 12 14 14 14 
7 16 11 18 7 14 7 8 19 2 13 6 13 1 12 14 14 14 
7 16 11 18 2 9 13 8 19 9 13 6 14 1 12 14 18 14 
7 16 11 18 7 9 19 8 19 2 13 6 14 1 14 14 14 14 
7 16 11 18 2 9 19 8 13 17 13 6 2 1 14 14 14 14 
7 16 11 18 7 14 7 8 19 2 13 6 14 1 12 14 14 14 
7 16 11 18 7 9 7 8 19 2 13 6 14 1 12 14 14 14 
7 16 11 18 7 9 7 8 19 2 13 6 7 1 12 14 14 14 
7 16 11 18 2 9 7 7 19 13 13 6 13 1 12 14 14 14 
7 16 11 18 7 14 7 8 19 2 13 6 14 1 12 14 14 14 
7 16 11 18 2 14 19 7 19 7 13 6 13 1 14 14 14 14 
7 16 11 18 2 14 19 11 19 7 13 6 13 1 14 14 14 14 
7 16 11 18 7 9 7 7 19 2 13 6 13 1 12 14 14 14 
7 16 11 18 7 9 7 8 13 2 13 6 2 1 12 14 14 14 
7 16 11 18 7 9 19 7 19 2 13 6 13 1 14 14 14 14 
7 16 11 18 7 14 7 7 19 2 13 7 13 1 12 14 14 14 
7 16 11 18 2 14 7 7 19 13 13 6 13 1 12 14 14 14 
7 16 11 18 3 14 19 7 19 14 13 6 13 1 14 14 14 14 
7 16 11 18 7 14 7 8 19 2 13 6 13 1 12 14 14 14 
7 16 11 18 3 14 19 7 19 14 13 6 13 1 14 14 14 14 
7 16 11 18 3 9 19 8 19 14 13 6 14 1 14 14 14 14 
7 16 11 18 7 14 19 7 19 2 13 6 13 1 14 14 14 14 
7 16 11 18 3 9 19 8 15 14 13 6 20 1 12 14 14 14 
7 16 11 18 2 14 7 8 19 13 13 6 13 1 12 14 14 14 
7 16 11 18 7 14 7 11 19 2 13 6 13 1 12 14 14 14 
7 16 11 18 3 14 19 8 19 14 13 6 13 1 14 14 14 14 
7 16 11 18 7 9 19 7 19 2 13 6 13 1 14 14 14 14 
7 16 11 18 7 9 7 8 15 2 13 6 20 1 12 14 14 14 
7 16 11 18 7 9 7 8 19 2 13 6 7 1 12 14 14 14 
7 16 11 18 7 14 19 8 19 2 13 6 13 1 14 14 14 14 
7 16 11 18 3 9 19 8 15 14 13 6 20 1 12 14 14 14 
7 16 11 18 7 14 7 7 19 2 13 6 13 1 12 14 14 14 
7 16 11 18 7 9 7 7 19 2 13 6 13 1 12 14 14 14 
7 16 11 18 7 14 7 7 19 2 13 6 13 1 12 14 14 14 
7 16 11 18 3 9 19 8 15 14 13 6 20 1 14 14 14 14 
7 16 11 18 7 14 19 7 19 2 13 6 13 1 14 14 14 14 
7 16 11 18 3 14 19 7 19 14 13 6 13 1 14 14 14 14 
7 16 11 18 7 9 7 8 19 2 13 6 14 1 12 14 14 14 
7 16 11 18 7 9 7 7 19 2 13 6 13 1 12 14 14 14 
7 16 11 18 7 9 7 8 19 2 13 6 7 1 12 14 14 14 
7 16 11 18 3 9 19 8 15 14 13 6 20 1 12 14 14 14 
7 16 11 18 3 9 19 8 15 14 13 6 20 1 12 14 14 14 
7 16 11 18 2 9 19 7 19 7 13 6 13 1 14 14 14 14 
7 16 11 18 7 9 19 8 19 2 13 6 7 1 14 14 14 14 
7 16 11 18 7 9 7 7 19 2 13 6 13 1 12 14 14 14 
7 16 11 18 7 9 7 8 15 2 13 6 20 1 12 14 14 14 
7 16 11 18 7 9 19 7 19 2 13 6 13 1 14 14 14 14 
7 16 11 18 7 9 7 7 19 2 13 6 13 1 12 14 14 14 
7 16 11 18 2 9 7 7 19 13 13 6 13 1 12 14 14 14 
7 16 11 18 3 14 19 7 19 14 13 6 13 1 14 14 14 14 
7 16 11 18 7 14 19 8 19 2 13 6 14 1 14 14 14 14 
7 16 11 18 7 9 19 7 19 2 13 6 13 1 14 14 14 14 
7 16 11 18 3 9 19 8 19 14 13 6 14 1 14 14 14 14 
7 16 11 18 3 9 19 7 19 14 13 6 13 1 12 14 14 14 
7 16 11 18 7 9 7 8 15 2 13 6 20 1 12 14 14 14 
7 16 11 18 7 9 7 8 15 2 13 6 20 1 12 14 14 14 
7 16 11 18 7 9 7 7 19 2 13 6 13 1 12 14 14 14 
7 16 11 18 7 9 7 8 19 2 13 6 14 1 12 14 14 14 
7 16 11 18 2 14 7 7 19 13 13 6 13 1 12 14 14 14 
