7 16 11 6 7 14 13 13 19 2 13 7 13 1 14 14 6 19 
7 16 11 6 10 14 14 13 19 14 7 7 13 1 14 14 20 19 
7 16 11 6 10 14 7 13 19 13 11 6 13 1 12 14 18 19 
7 16 11 6 10 14 7 13 19 7 13 7 13 1 7 14 6 19 
7 16 11 6 10 9 7 13 19 13 11 6 13 1 12 14 18 19 
7 16 11 6 10 9 7 13 19 13 11 6 13 1 12 14 18 19 
7 16 11 6 10 9 13 13 19 20 11 6 13 1 14 14 6 19 
7 16 11 6 10 9 13 13 19 7 11 6 13 1 7 14 6 19 
7 16 11 6 7 14 7 13 19 2 11 6 13 1 12 14 18 19 
7 16 11 6 10 9 13 13 19 20 13 6 13 1 14 14 6 19 
7 16 11 6 10 14 7 13 19 7 11 6 13 1 7 14 6 19 
7 16 11 6 10 9 7 13 19 13 7 6 13 1 12 14 7 19 
7 16 11 6 7 14 7 13 19 2 7 6 13 1 14 14 8 19 
7 16 11 6 10 14 13 13 19 13 13 7 13 1 12 14 18 19 
7 16 11 6 7 14 13 13 19 2 13 9 13 1 12 14 18 19 
7 16 11 6 7 14 13 13 19 2 13 6 13 1 14 14 6 19 
7 16 11 6 10 14 7 13 19 13 7 7 13 1 17 14 8 19 
7 16 11 6 10 14 7 13 19 7 11 6 13 1 7 14 6 19 
7 16 11 6 7 9 7 13 19 2 7 7 13 1 12 14 7 19 
7 16 11 6 7 9 7 13 19 2 7 6 13 1 14 14 8 19 
7 16 11 6 10 14 7 13 19 13 7 7 13 1 17 14 8 19 
7 16 11 6 10 9 13 13 19 13 13 7 13 1 17 14 6 19 
7 16 11 6 10 9 13 13 19 20 7 7 13 1 14 14 8 19 
7 16 11 6 10 14 13 13 19 20 7 7 13 1 14 14 8 19 
7 16 11 6 7 9 7 13 19 2 11 7 13 1 7 14 6 19 
7 16 11 6 7 14 13 13 19 2 13 7 13 1 12 14 18 19 
7 16 11 6 10 14 13 13 19 20 13 7 13 1 14 14 6 19 
7 16 11 6 10 9 13 13 19 20 7 9 13 1 14 14 8 19 
7 16 11 6 7 9 7 13 19 2 7 6 13 1 14 14 8 19 
7 16 11 6 10 9 7 13 19 7 7 9 13 1 17 14 8 19 
7 16 11 6 7 14 7 13 19 2 7 6 13 1 14 14 8 19 
7 16 11 6 10 14 13 13 19 20 7 6 13 1 14 14 8 19 
7 16 11 6 7 9 7 13 19 2 7 6 13 1 14 14 8 19 
7 16 11 6 10 14 7 13 19 7 13 7 13 1 7 14 6 19 
7 16 11 6 10 9 7 13 19 13 7 6 13 1 12 14 7 19 
7 16 11 6 10 14 13 13 19 20 13 9 13 1 14 14 6 19 
7 16 11 6 10 9 7 13 19 13 11 6 13 1 12 14 18 19 
7 16 11 6 10 14 14 13 19 14 7 6 13 1 14 14 20 19 
7 16 11 6 7 14 7 13 19 2 11 6 13 1 7 14 6 19 
7 16 11 6 10 14 7 13 19 7 7 6 13 1 17 14 8 19 
7 16 11 6 10 14 13 13 19 13 13 7 13 1 12 14 18 19 
7 16 11 6 10 9 7 13 19 13 7 6 13 1 12 14 7 19 
7 16 11 6 10 14 7 13 19 7 7 6 13 1 17 14 8 19 
7 16 11 6 10 9 7 13 19 13 7 6 13 1 12 14 7 19 
7 16 11 6 10 14 7 13 19 7 11 7 13 1 7 14 6 19 
7 16 11 6 10 9 7 13 19 7 11 6 13 1 7 14 6 19 
7 16 11 6 10 14 13 13 19 20 7 9 13 1 14 14 8 19 
7 16 11 6 10 9 13 13 19 20 13 19 13 1 14 14 6 19 
7 16 11 6 10 9 13 13 19 13 13 19 13 1 12 14 18 19 
7 16 11 6 10 14 13 13 19 20 13 7 13 1 14 14 6 19 
7 16 11 6 10 14 7 13 19 7 7 6 13 1 17 14 8 19 
7 16 11 6 7 14 7 13 19 2 11 6 13 1 7 14 6 19 
7 16 11 6 10 9 7 13 19 7 7 6 13 1 17 14 8 19 
7 16 11 6 10 9 7 13 19 7 7 6 13 1 17 14 8 19 
7 16 11 6 10 14 7 13 19 7 7 6 13 1 17 14 8 19 
7 16 11 6 7 9 13 13 19 2 13 2 13 1 12 14 18 19 
7 16 11 6 10 14 7 13 19 7 11 6 13 1 7 14 6 19 
7 16 11 6 7 14 13 13 19 2 13 9 13 1 14 14 6 19 
7 16 11 6 10 14 13 13 19 13 13 7 13 1 12 14 18 19 
7 16 11 6 10 9 13 13 19 7 13 7 13 1 7 14 6 19 
7 16 11 6 10 9 7 13 19 13 7 9 13 1 12 14 7 19 
7 16 11 6 10 9 13 13 15 20 7 6 20 1 14 14 8 19 
7 16 11 6 10 9 13 13 19 20 7 7 13 1 14 14 8 19 
7 16 11 6 7 14 13 13 19 2 13 7 13 1 12 14 18 19 
7 16 11 6 7 9 13 13 19 2 13 7 13 1 14 14 6 19 
7 16 11 6 10 14 7 13 19 13 7 2 13 1 12 14 7 19 
7 16 11 6 10 9 13 13 19 13 13 7 13 1 12 14 18 19 
7 16 11 6 7 14 13 13 19 2 13 7 13 1 14 14 6 19 
7 16 11 6 10 14 7 13 19 7 7 9 13 1 17 14 8 19 
7 16 11 6 10 14 13 13 19 20 13 7 13 1 14 14 6 19 
7 16 11 6 10 14 13 13 19 20 7 7 13 1 14 14 8 19 
7 16 11 6 10 9 13 13 19 20 13 7 13 1 14 14 6 19 
7 16 11 6 10 14 13 13 19 13 13 6 13 1 12 14 18 19 
7 16 11 6 10 14 13 13 19 20 7 6 13 1 14 14 8 19 
7 16 11 6 10 9 13 13 19 20 7 19 13 1 14 14 8 19 
7 16 11 6 10 14 14 13 19 14 7 6 13 1 14 14 20 19 
7 16 11 6 10 9 13 13 19 20 11 6 13 1 14 14 6 19 
7 16 11 6 10 9 13 13 19 20 11 6 13 1 14 14 6 19 
7 16 11 6 10 9 13 13 19 7 13 7 13 1 7 14 6 19 
7 16 11 6 10 9 7 13 19 7 7 7 13 1 17 14 8 19 
7 16 11 6 10 14 7 13 19 7 11 6 13 1 7 14 6 19 
7 16 11 6 10 9 13 13 19 20 13 9 13 1 14 14 6 19 
7 16 11 6 10 9 13 13 19 13 13 7 13 1 12 14 18 19 
7 16 11 6 10 14 13 13 19 20 7 6 13 1 14 14 8 19 
7 16 11 6 7 9 7 13 19 2 11 6 13 1 7 14 6 19 
7 16 11 6 10 9 20 13 19 13 20 6 13 1 12 14 15 19 
7 16 11 6 10 9 13 13 19 20 7 6 13 1 14 14 8 19 
7 16 11 6 10 9 13 13 19 20 7 6 13 1 14 14 8 19 
7 16 11 6 10 14 7 13 19 13 11 6 13 1 12 14 18 19 
7 16 11 6 7 14 7 13 19 2 11 6 13 1 12 14 18 19 
7 16 11 6 7 9 13 13 19 2 13 7 13 1 14 14 6 19 
7 16 11 6 10 14 13 13 19 7 11 6 13 1 7 14 6 19 
7 16 11 6 10 20 13 13 15 9 13 15 20 1 12 14 18 19 
7 16 11 6 10 9 13 13 19 7 13 7 13 1 7 14 6 19 
7 16 11 6 10 9 13 13 19 20 13 9 13 1 14 14 6 19 
7 16 11 6 10 9 13 13 19 20 11 6 13 1 14 14 6 19 
7 16 11 6 10 9 7 13 19 13 7 7 13 1 12 14 7 19 
7 16 11 6 10 14 13 13 19 20 13 19 13 1 14 14 6 19 
7 16 11 6 10 9 14 13 19 14 7 6 13 1 14 14 20 19 
7 16 11 6 10 9 7 13 19 13 7 7 13 1 17 14 8 19 
7 16 11 6 10 14 7 13 19 13 7 6 13 1 12 14 7 19 
7 16 11 6 7 14 13 13 19 2 13 7 13 1 14 14 6 19 
7 16 11 6 10 14 13 13 19 20 11 6 13 1 14 14 6 19 
7 16 11 6 10 9 7 13 19 13 7 7 13 1 12 14 7 19 
7 16 11 6 10 9 7 13 19 13 7 6 13 1 12 14 7 19 
7 16 11 6 10 14 7 13 19 7 7 6 13 1 17 14 8 19 
7 16 11 6 10 14 13 13 19 13 13 19 13 1 12 14 18 19 
7 16 11 6 10 9 7 13 19 7 11 19 13 1 7 14 6 19 
7 16 11 6 10 14 13 13 19 7 13 7 13 1 7 14 6 19 
7 16 11 6 10 9 13 13 19 13 13 7 13 1 12 14 18 19 
7 16 11 6 10 14 13 13 19 20 11 6 13 1 14 14 6 19 
7 16 11 6 10 14 7 13 19 7 7 7 13 1 17 14 8 19 
7 16 11 6 7 14 7 13 19 2 11 6 13 1 7 14 6 19 
7 16 11 6 10 14 13 13 19 20 7 6 13 1 14 14 8 19 
7 16 11 6 10 9 7 13 19 7 7 6 13 1 17 14 8 19 
7 16 11 6 10 14 7 13 19 13 7 6 13 1 12 14 7 19 
7 16 11 6 10 9 7 13 19 13 11 6 13 1 12 14 18 19 
7 16 11 6 10 14 7 13 19 7 11 7 13 1 7 14 6 19 
7 16 11 6 10 9 13 13 19 20 13 7 13 1 14 14 6 19 
7 16 11 6 10 9 13 13 19 20 13 7 13 1 14 14 6 19 
7 16 11 6 10 9 7 13 19 13 11 6 13 1 12 14 18 19 
7 16 11 6 10 9 7 13 19 13 11 6 13 1 12 14 18 19 
7 16 11 6 7 9 7 13 19 2 11 7 13 1 7 14 6 19 
7 16 11 6 7 9 7 13 19 2 11 6 13 1 7 14 6 19 
7 16 11 6 10 9 13 13 19 13 13 19 13 1 12 14 18 19 
7 16 11 6 7 9 13 13 19 2 13 7 13 1 14 14 6 19 
7 16 11 6 10 14 13 13 19 13 13 9 13 1 17 14 6 19 
7 16 11 6 10 9 13 13 19 20 11 6 13 1 14 14 6 19 
7 16 11 6 10 14 13 13 19 7 13 6 13 1 7 14 6 19 
7 16 11 6 7 9 7 13 19 2 7 6 13 1 14 14 8 19 
7 16 11 6 7 14 7 13 19 2 11 6 13 1 7 14 6 19 
7 16 11 6 7 9 13 13 19 2 13 6 13 1 14 14 6 19 
7 16 11 6 10 14 7 13 19 7 7 6 13 1 17 14 8 19 
7 16 11 6 10 14 7 13 19 7 7 19 13 1 7 14 6 19 
7 16 11 6 10 9 13 13 19 13 13 19 13 1 12 14 18 19 
7 16 11 6 10 14 13 13 19 20 11 6 13 1 14 14 6 19 
7 16 11 6 10 14 13 13 19 13 13 7 13 1 12 14 18 19 
7 16 11 6 10 14 13 13 19 20 7 9 13 1 14 14 8 19 
7 16 11 6 10 14 13 13 19 13 13 7 13 1 12 14 18 19 
7 16 11 6 10 9 13 13 19 20 13 19 13 1 14 14 6 19 
7 16 11 6 7 9 13 13 19 2 13 7 13 1 14 14 6 19 
7 16 11 6 10 14 7 13 19 13 7 6 13 1 12 14 7 19 
7 16 11 6 10 14 7 13 19 13 11 6 13 1 17 14 6 19 
7 16 11 6 10 9 13 13 19 20 13 7 13 1 14 14 6 19 
7 16 11 6 10 9 7 13 19 13 7 19 13 1 12 14 7 19 
7 16 11 6 7 9 7 13 19 2 11 6 13 1 7 14 6 19 
7 16 11 6 10 14 13 13 19 13 13 7 13 1 12 14 18 19 
7 16 11 6 10 9 13 13 19 13 13 7 13 1 12 14 18 19 
7 16 11 6 10 9 13 13 19 13 13 7 13 1 12 14 18 19 
7 16 11 6 7 9 13 13 19 2 13 19 13 1 14 14 6 19 
7 16 11 6 10 14 7 13 19 13 7 7 13 1 12 14 7 19 
7 16 11 6 10 9 13 13 19 20 13 7 13 1 14 14 6 19 
7 16 11 6 10 14 13 13 19 7 11 6 13 1 7 14 6 19 
7 16 11 6 10 9 7 13 19 13 7 19 13 1 12 14 7 19 
7 16 11 6 7 14 7 13 19 2 7 6 13 1 14 14 8 19 
7 16 11 6 10 9 13 13 19 13 13 2 13 1 12 14 18 19 
7 16 11 6 10 14 13 13 19 20 13 6 13 1 14 14 6 19 
7 16 11 6 10 14 7 13 19 13 11 6 13 1 12 14 18 19 
7 16 11 6 7 14 13 13 19 2 13 19 13 1 14 14 6 19 
7 16 11 6 10 9 13 13 19 20 7 6 13 1 14 14 8 19 
7 16 11 6 10 14 13 13 19 20 13 7 13 1 14 14 6 19 
7 16 11 6 10 9 13 13 19 13 13 19 13 1 12 14 18 19 
7 16 11 6 10 9 7 13 19 13 7 6 13 1 12 14 7 19 
7 16 11 6 10 9 13 13 19 13 13 7 13 1 12 14 18 19 
7 16 11 6 10 9 7 13 19 7 7 7 13 1 17 14 8 19 
7 16 11 6 10 14 7 13 19 7 7 6 13 1 17 14 8 19 
7 16 11 6 10 14 13 13 19 20 11 6 13 1 14 14 6 19 
7 16 11 6 10 14 13 13 19 20 13 7 13 1 14 14 6 19 
7 16 11 6 10 14 7 13 19 7 7 6 13 1 17 14 8 19 
7 16 11 6 7 9 7 13 19 2 7 6 13 1 14 14 8 19 
7 16 11 6 7 9 13 13 19 2 13 6 13 1 14 14 6 19 
7 16 11 6 10 9 13 13 19 20 13 7 13 1 14 14 6 19 
7 16 11 6 10 9 7 13 19 13 11 6 13 1 12 14 18 19 
7 16 11 6 10 9 13 13 19 20 7 7 13 1 14 14 8 19 
7 16 11 6 7 9 7 13 19 2 11 6 13 1 12 14 18 19 
7 16 11 6 10 9 7 13 19 13 7 7 13 1 12 14 7 19 
7 16 11 6 7 14 7 13 19 2 11 6 13 1 7 14 6 19 
7 16 11 6 10 14 7 13 19 7 11 7 13 1 7 14 6 19 
7 16 11 6 10 14 13 13 19 20 11 6 13 1 14 14 6 19 
7 16 11 6 10 9 13 13 19 20 11 6 13 1 14 14 6 19 
7 16 11 6 10 9 13 13 19 20 7 6 13 1 14 14 8 19 
7 16 11 6 10 14 7 13 19 7 7 6 13 1 17 14 8 19 
7 16 11 6 7 9 7 13 19 2 7 7 13 1 14 14 8 19 
7 16 11 6 10 14 7 13 19 7 11 6 13 1 7 14 6 19 
7 16 11 6 7 9 7 13 19 2 11 6 13 1 12 14 18 19 
7 16 11 6 10 14 7 13 19 7 7 6 13 1 17 14 8 19 
7 16 11 6 10 9 7 13 19 13 7 7 13 1 12 14 7 19 
7 16 11 6 10 14 7 13 19 7 11 6 13 1 7 14 6 19 
7 16 11 6 10 9 7 13 19 7 11 7 13 1 7 14 6 19 
7 16 11 6 7 9 13 13 19 2 13 12 13 1 12 14 18 19 
7 16 11 6 7 14 7 13 19 2 11 6 13 1 7 14 6 19 
7 16 11 6 10 9 13 13 19 13 11 6 13 1 12 14 8 19 
7 16 11 6 7 9 13 13 19 2 13 7 13 1 14 14 6 19 
7 16 11 6 10 9 13 13 19 20 13 19 13 1 14 14 6 19 
7 16 11 6 7 9 13 13 19 2 13 7 13 1 14 14 6 19 
7 16 11 6 10 9 13 13 19 20 7 7 13 1 14 14 8 19 
7 16 11 6 7 14 7 13 19 2 11 6 13 1 7 14 6 19 
7 16 11 6 10 14 7 13 19 13 7 9 13 1 12 14 7 19 
7 16 11 6 10 14 13 13 19 20 11 6 13 1 14 14 6 19 
7 16 11 6 10 9 13 13 19 20 13 7 13 1 14 14 6 19 
7 16 11 6 10 9 13 13 19 13 13 7 13 1 17 14 6 19 
7 16 11 6 10 14 7 13 19 13 11 6 13 1 12 14 18 19 
7 16 11 6 7 9 7 13 19 2 7 6 13 1 14 14 8 19 
7 16 11 6 10 14 7 13 19 13 7 2 13 1 12 14 7 19 
7 16 11 6 10 14 7 13 19 7 7 7 13 1 17 14 8 19 
7 16 11 6 10 14 7 13 19 7 11 6 13 1 7 14 6 19 
7 16 11 6 10 9 7 13 19 13 11 6 13 1 12 14 18 19 
7 16 11 6 10 9 13 13 19 20 13 19 13 1 14 14 6 19 
7 16 11 6 7 9 13 13 19 2 13 7 13 1 14 14 6 19 
7 16 11 6 10 9 13 13 19 20 7 6 13 1 14 14 8 19 
7 16 11 6 10 9 13 13 19 20 7 7 13 1 14 14 8 19 
7 16 11 6 7 14 13 13 19 2 13 2 13 1 14 14 6 19 
7 16 11 6 10 9 13 13 19 13 13 2 13 1 12 14 18 19 
7 16 11 6 10 14 13 13 19 20 7 9 13 1 14 14 8 19 
7 16 11 6 10 14 13 13 19 7 13 2 13 1 7 14 6 19 
7 16 11 6 10 14 13 13 19 20 13 9 13 1 14 14 6 19 
7 16 11 6 7 9 7 13 19 2 11 6 13 1 7 14 6 19 
7 16 11 6 10 9 7 13 19 7 11 6 13 1 7 14 6 19 
7 16 11 6 10 14 7 13 19 13 7 6 13 1 12 14 7 19 
7 16 11 6 10 14 13 13 19 20 11 6 13 1 14 14 6 19 
7 16 11 6 10 9 13 13 19 13 13 7 13 1 12 14 18 19 
7 16 11 6 10 14 7 13 19 7 11 6 13 1 7 14 6 19 
7 16 11 6 7 14 13 13 19 2 11 6 13 1 12 14 8 19 
7 16 11 6 10 9 13 13 19 20 7 6 13 1 14 14 8 19 
7 16 11 6 10 14 13 13 19 13 13 19 13 1 12 14 18 19 
7 16 11 6 10 14 13 13 19 13 13 9 13 1 12 14 18 19 
7 16 11 6 10 14 13 13 19 20 11 6 13 1 14 14 6 19 
7 16 11 6 7 14 7 13 19 2 11 6 13 1 12 14 18 19 
7 16 11 6 10 9 13 13 19 20 7 6 13 1 14 14 8 19 
7 16 11 6 10 14 13 13 19 20 7 6 13 1 14 14 8 19 
7 16 11 6 7 14 13 13 19 2 13 7 13 1 14 14 6 19 
7 16 11 6 10 14 13 13 19 20 13 19 13 1 14 14 6 19 
7 16 11 6 10 14 13 13 19 13 13 19 13 1 12 14 18 19 
7 16 11 6 10 9 13 13 19 13 13 7 13 1 12 14 18 19 
7 16 11 6 10 9 13 13 19 13 13 9 13 1 12 14 18 19 
7 16 11 6 10 9 7 13 19 13 7 7 13 1 12 14 7 19 
7 16 11 6 10 9 13 13 19 13 13 7 13 1 12 14 18 19 
7 16 11 6 10 9 20 13 19 13 20 6 13 1 12 14 15 19 
7 16 11 6 10 14 13 13 19 7 13 7 13 1 7 14 6 19 
7 16 11 6 10 14 13 13 19 13 13 7 13 1 12 14 18 19 
7 16 11 6 10 14 13 13 19 20 11 6 13 1 14 14 6 19 
7 16 11 6 10 9 13 13 19 20 7 6 13 1 14 14 8 19 
7 16 11 6 10 14 7 13 19 7 7 6 13 1 17 14 8 19 
7 16 11 6 10 9 13 13 19 20 13 7 13 1 14 14 6 19 
7 16 11 6 7 9 7 13 19 2 7 6 13 1 14 14 8 19 
7 16 11 6 10 14 13 13 19 20 7 6 13 1 14 14 8 19 
7 16 11 6 10 14 7 13 19 13 7 6 13 1 12 14 7 19 
7 16 11 6 10 14 13 13 19 20 13 7 13 1 14 14 6 19 
7 16 11 6 10 14 7 13 19 13 11 6 13 1 12 14 18 19 
7 16 11 6 7 14 7 13 19 2 7 6 13 1 14 14 8 19 
7 16 11 6 7 14 13 13 19 2 13 7 13 1 14 14 6 19 
7 16 11 6 7 14 7 13 19 2 11 6 13 1 12 14 18 19 
7 16 11 6 10 9 7 13 19 7 7 6 13 1 17 14 8 19 
7 16 11 6 10 9 7 13 15 9 7 6 20 1 12 14 7 19 
7 16 11 6 10 9 13 13 19 20 7 6 13 1 14 14 8 19 
7 16 11 6 10 9 13 13 19 20 13 19 13 1 14 14 6 19 
7 16 11 6 7 9 7 13 19 2 11 6 13 1 7 14 6 19 
7 16 11 6 10 14 13 13 19 7 13 7 13 1 7 14 6 19 
7 16 11 6 10 14 7 13 19 7 11 6 13 1 7 14 6 19 
7 16 11 6 10 9 7 13 19 7 7 12 13 1 17 14 8 19 
7 16 11 6 10 9 7 13 19 7 11 7 13 1 7 14 6 19 
7 16 11 6 10 9 7 13 19 13 7 19 13 1 12 14 7 19 
7 16 11 6 10 14 13 13 19 20 11 6 13 1 14 14 6 19 
7 16 11 6 10 9 7 13 19 7 7 19 13 1 7 14 6 19 
7 16 11 6 10 14 7 13 19 13 7 9 13 1 12 14 7 19 
7 16 11 6 10 14 7 13 19 13 7 6 13 1 12 14 7 19 
7 16 11 6 10 14 13 13 19 13 11 6 13 1 12 14 8 19 
7 16 11 6 10 9 13 13 19 20 13 7 13 1 14 14 6 19 
7 16 11 6 10 9 7 13 19 7 7 7 13 1 7 14 6 19 
7 16 11 6 10 9 7 13 19 13 7 7 13 1 12 14 7 19 
7 16 11 6 10 9 14 13 19 14 7 6 13 1 14 14 20 19 
7 16 11 6 7 9 13 13 19 2 13 7 13 1 14 14 6 19 
7 16 11 6 10 9 13 13 19 20 13 7 13 1 14 14 6 19 
7 16 11 6 7 9 7 13 19 2 11 6 13 1 7 14 6 19 
7 16 11 6 10 14 13 13 19 20 13 6 13 1 14 14 6 19 
7 16 11 6 10 9 7 13 19 13 7 6 13 1 12 14 7 19 
7 16 11 6 10 9 13 13 19 20 13 6 13 1 14 14 6 19 
7 16 11 6 10 14 15 13 19 13 7 6 13 1 12 14 20 19 
7 16 11 6 10 14 13 13 19 20 11 6 13 1 14 14 6 19 
7 16 11 6 10 14 13 13 19 13 13 19 13 1 12 14 18 19 
7 16 11 6 10 9 7 13 19 13 7 7 13 1 17 14 8 19 
7 16 11 6 10 9 13 13 19 20 7 6 13 1 14 14 8 19 
7 16 11 6 10 14 13 13 19 7 11 6 13 1 7 14 6 19 
7 16 11 6 10 9 13 13 19 20 11 6 13 1 14 14 6 19 
7 16 11 6 10 9 7 13 19 13 7 19 13 1 12 14 7 19 
7 16 11 6 10 14 7 13 19 13 7 7 13 1 12 14 7 19 
7 16 11 6 10 14 13 13 19 20 13 7 13 1 14 14 6 19 
7 16 11 6 10 9 13 13 19 7 11 6 13 1 7 14 6 19 
7 16 11 6 10 9 7 13 19 7 7 6 13 1 7 14 6 19 
7 16 11 6 10 9 7 13 19 7 11 6 13 1 7 14 6 19 
7 16 11 6 10 14 13 13 19 13 13 7 13 1 12 14 18 19 
7 16 11 6 10 9 13 13 19 13 13 9 13 1 12 14 18 19 
7 16 11 6 10 9 7 13 19 13 7 7 13 1 12 14 7 19 
7 16 11 6 10 9 7 13 19 13 7 7 13 1 12 14 7 19 
7 16 11 6 10 14 7 13 19 13 11 6 13 1 12 14 18 19 
7 16 11 6 10 14 13 13 19 20 13 9 13 1 14 14 6 19 
7 16 11 6 10 9 13 13 19 20 13 19 13 1 14 14 6 19 
7 16 11 6 10 14 13 13 19 20 7 9 13 1 14 14 8 19 
7 16 11 6 10 14 7 13 19 7 7 7 13 1 17 14 8 19 
7 16 11 6 10 14 13 13 19 13 13 6 13 1 12 14 18 19 
7 16 11 6 7 14 13 13 19 2 13 7 13 1 14 14 6 19 
7 16 11 6 10 9 13 13 19 20 13 9 13 1 14 14 6 19 
7 16 11 6 10 9 7 13 19 13 7 6 13 1 12 14 7 19 
7 16 11 6 10 14 7 13 19 7 11 7 13 1 7 14 6 19 
7 16 11 6 10 14 13 13 19 13 13 19 13 1 12 14 18 19 
7 16 11 6 10 9 7 13 19 13 7 2 13 1 12 14 7 19 
7 16 11 6 10 14 7 13 19 13 7 7 13 1 12 14 7 19 
7 16 11 6 10 9 20 13 19 13 20 6 13 1 12 14 15 19 
7 16 11 6 10 9 13 13 19 13 13 7 13 1 12 14 18 19 
7 16 11 6 7 9 7 13 19 2 11 6 13 1 12 14 18 19 
7 16 11 6 10 9 13 13 19 13 13 6 13 1 12 14 18 19 
7 16 11 6 10 14 13 13 19 20 7 6 13 1 14 14 8 19 
7 16 11 6 10 9 13 13 19 20 13 9 13 1 14 14 6 19 
7 16 11 6 10 14 13 13 19 20 13 6 13 1 14 14 6 19 
7 16 11 6 10 9 13 13 19 20 13 7 13 1 14 14 6 19 
7 16 11 6 10 14 7 13 19 7 7 7 13 1 17 14 8 19 
7 16 11 6 7 14 7 13 19 2 11 7 13 1 7 14 6 19 
7 16 11 6 7 14 7 13 19 2 7 6 13 1 14 14 8 19 
7 16 11 6 10 9 13 13 19 13 13 19 13 1 12 14 18 19 
7 16 11 6 10 14 7 13 19 7 11 6 13 1 7 14 6 19 
7 16 11 6 10 14 7 13 19 13 7 7 13 1 12 14 7 19 
7 16 11 6 10 9 20 13 19 13 20 6 13 1 12 14 15 19 
7 16 11 6 10 14 7 13 19 13 7 6 13 1 12 14 7 19 
7 16 11 6 10 9 13 13 19 7 13 19 13 1 7 14 6 19 
7 16 11 6 10 9 7 13 19 13 7 19 13 1 12 14 7 19 
7 16 11 6 10 14 7 13 19 7 11 6 13 1 7 14 6 19 
7 16 11 6 10 14 13 13 19 13 13 6 13 1 12 14 18 19 
7 16 11 6 10 9 7 13 19 13 7 6 13 1 17 14 8 19 
7 16 11 6 10 9 13 13 19 13 13 7 13 1 12 14 18 19 
7 16 11 6 7 9 13 13 19 2 13 19 13 1 14 14 6 19 
7 16 11 6 10 14 7 13 19 7 13 7 13 1 7 14 6 19 
7 16 11 6 7 9 7 13 19 2 11 6 13 1 7 14 6 19 
7 16 11 6 7 14 13 13 19 2 13 9 13 1 12 14 18 19 
7 16 11 6 10 14 7 13 19 7 7 7 13 1 17 14 8 19 
7 16 11 6 10 14 13 13 19 7 13 7 13 1 7 14 6 19 
7 16 11 6 7 9 7 13 19 2 11 6 13 1 7 14 6 19 
7 16 11 6 10 14 14 13 19 14 7 7 13 1 14 14 20 19 
7 16 11 6 7 9 13 13 19 2 13 7 13 1 14 14 6 19 
7 16 11 6 7 9 7 13 19 2 11 6 13 1 12 14 18 19 
7 16 11 6 10 14 7 13 19 7 11 6 13 1 7 14 6 19 
7 16 11 6 7 9 13 13 19 2 13 7 13 1 12 14 18 19 
7 16 11 6 10 14 13 13 19 20 13 19 13 1 14 14 6 19 
7 16 11 6 10 14 13 13 19 20 11 6 13 1 14 14 6 19 
7 16 11 6 7 9 7 13 19 2 11 6 13 1 7 14 6 19 
7 16 11 6 7 9 13 13 19 2 13 6 13 1 14 14 6 19 
7 16 11 6 7 9 7 13 19 2 7 7 13 1 12 14 7 19 
7 16 11 6 10 9 7 13 19 13 7 7 13 1 12 14 7 19 
7 16 11 6 10 9 7 13 19 7 7 6 13 1 17 14 8 19 
7 16 11 6 10 14 7 13 19 13 7 6 13 1 12 14 7 19 
7 16 11 6 10 14 7 13 19 13 7 19 13 1 12 14 7 19 
7 16 11 6 10 9 13 13 19 7 11 6 13 1 7 14 6 19 
7 16 11 6 10 9 7 13 19 7 7 6 13 1 17 14 8 19 
7 16 11 6 10 9 7 13 19 7 11 6 13 1 7 14 6 19 
7 16 11 6 10 9 13 13 19 7 13 7 13 1 7 14 6 19 
7 16 11 6 10 14 13 13 19 13 13 2 13 1 12 14 18 19 
7 16 11 6 7 14 13 13 19 2 13 19 13 1 14 14 6 19 
7 16 11 6 10 9 7 13 19 13 7 7 13 1 12 14 7 19 
7 16 11 6 10 9 7 13 19 7 7 6 13 1 17 14 8 19 
7 16 11 6 10 9 7 13 19 13 7 2 13 1 12 14 7 19 
7 16 11 6 7 14 7 13 19 2 11 6 13 1 12 14 18 19 
7 16 11 6 10 14 13 13 19 20 7 6 13 1 14 14 8 19 
7 16 11 6 10 14 13 13 19 20 13 7 13 1 14 14 6 19 
7 16 11 6 7 14 7 13 19 2 7 6 13 1 14 14 8 19 
7 16 11 6 10 14 7 13 19 7 11 7 13 1 7 14 6 19 
7 16 11 6 10 14 7 13 19 7 7 7 13 1 17 14 8 19 
7 16 11 6 10 9 7 13 19 13 7 19 13 1 12 14 7 19 
7 16 11 6 10 9 13 13 19 20 7 19 13 1 14 14 8 19 
7 16 11 6 10 14 7 13 19 7 7 9 13 1 17 14 8 19 
7 16 11 6 10 9 7 13 15 9 11 6 20 1 12 14 18 19 
7 16 11 6 10 14 13 13 19 13 13 19 13 1 12 14 18 19 
7 16 11 6 7 14 7 13 19 2 11 6 13 1 7 14 6 19 
7 16 11 6 10 14 13 13 19 13 13 7 13 1 12 14 18 19 
7 16 11 6 10 9 13 13 19 13 11 6 13 1 12 14 8 19 
7 16 11 6 10 14 13 13 19 20 13 19 13 1 14 14 6 19 
7 16 11 6 10 14 7 13 19 13 7 7 13 1 12 14 7 19 
7 16 11 6 10 14 20 13 19 13 20 6 13 1 12 14 15 19 
7 16 11 6 10 9 7 13 19 13 7 6 13 1 12 14 7 19 
7 16 11 6 10 14 7 13 19 7 11 9 13 1 7 14 6 19 
7 16 11 6 10 9 7 13 19 13 7 19 13 1 12 14 7 19 
7 16 11 6 10 9 13 13 19 13 13 12 13 1 12 14 18 19 
7 16 11 6 10 14 7 13 19 7 11 6 13 1 7 14 6 19 
7 16 11 6 10 9 13 13 19 13 13 7 13 1 12 14 18 19 
7 16 11 6 10 9 7 13 19 13 11 6 13 1 12 14 18 19 
7 16 11 6 10 14 13 13 19 20 11 6 13 1 14 14 6 19 
7 16 11 6 7 9 7 13 19 2 11 6 13 1 7 14 6 19 
7 16 11 6 10 9 14 13 19 14 7 6 13 1 14 14 20 19 
7 16 11 6 10 14 13 13 19 20 7 6 13 1 14 14 8 19 
7 16 11 6 10 9 13 13 19 20 13 7 13 1 14 14 6 19 
7 16 11 6 7 9 7 13 19 2 11 6 13 1 7 14 6 19 
7 16 11 6 10 14 13 13 19 13 13 7 13 1 12 14 18 19 
7 16 11 6 10 14 7 13 19 13 7 7 13 1 12 14 7 19 
7 16 11 6 10 9 7 13 19 7 7 19 13 1 17 14 8 19 
7 16 11 6 7 14 7 13 19 2 11 6 13 1 7 14 6 19 
7 16 11 6 7 9 7 13 19 2 7 6 13 1 12 14 7 19 
7 16 11 6 10 9 13 13 19 20 13 7 13 1 14 14 6 19 
7 16 11 6 10 9 13 13 19 20 7 6 13 1 14 14 8 19 
7 16 11 6 7 9 7 13 19 2 7 9 13 1 14 14 8 19 
7 16 11 6 10 9 7 13 19 13 7 6 13 1 12 14 7 19 
7 16 11 6 10 14 13 13 19 20 7 6 13 1 14 14 8 19 
7 16 11 6 10 14 7 13 19 13 7 7 13 1 12 14 7 19 
7 16 11 6 10 9 7 13 19 13 7 6 13 1 12 14 7 19 
7 16 11 6 10 9 13 13 19 13 13 7 13 1 12 14 18 19 
7 16 11 6 10 14 13 13 19 20 13 7 13 1 14 14 6 19 
7 16 11 6 10 14 13 13 19 7 13 6 13 1 7 14 6 19 
7 16 11 6 10 9 13 13 19 20 11 6 13 1 14 14 6 19 
7 16 11 6 10 9 13 13 19 7 13 19 13 1 7 14 6 19 
7 16 11 6 7 14 13 13 19 2 13 6 13 1 12 14 18 19 
7 16 11 6 10 14 7 13 19 13 7 6 13 1 12 14 7 19 
7 16 11 6 10 14 7 13 19 7 7 2 13 1 17 14 8 19 
7 16 11 6 10 9 7 13 19 7 7 7 13 1 17 14 8 19 
7 16 11 6 10 14 13 13 19 13 13 7 13 1 12 14 18 19 
7 16 11 6 10 9 7 13 19 13 7 7 13 1 12 14 7 19 
7 16 11 6 10 14 7 13 19 13 7 7 13 1 12 14 7 19 
7 16 11 6 7 14 7 13 19 2 11 6 13 1 7 14 6 19 
7 16 11 6 10 9 13 13 19 7 13 7 13 1 7 14 6 19 
7 16 11 6 10 14 7 13 19 13 7 19 13 1 12 14 7 19 
7 16 11 6 10 9 13 13 19 20 11 6 13 1 14 14 6 19 
7 16 11 6 10 14 13 13 19 20 11 6 13 1 14 14 6 19 
7 16 11 6 10 9 13 13 19 20 7 19 13 1 14 14 8 19 
7 16 11 6 10 9 13 13 19 20 13 19 13 1 14 14 6 19 
7 16 11 6 7 9 13 13 19 2 13 9 13 1 14 14 6 19 
7 16 11 6 10 14 13 13 19 20 13 7 13 1 14 14 6 19 
7 16 11 6 10 9 14 13 19 14 7 6 13 1 14 14 20 19 
7 16 11 6 10 14 20 13 19 13 20 6 13 1 12 14 15 19 
7 16 11 6 7 14 7 13 19 2 11 6 13 1 7 14 6 19 
7 16 11 6 10 14 13 13 19 20 11 6 13 1 14 14 6 19 
7 16 11 6 10 9 13 13 19 20 13 7 13 1 14 14 6 19 
7 16 11 6 10 14 13 13 19 20 7 6 13 1 14 14 8 19 
7 16 11 6 10 14 13 13 19 20 7 9 13 1 14 14 8 19 
7 16 11 6 10 9 20 13 19 13 20 6 13 1 12 14 15 19 
7 16 11 6 10 9 7 13 19 13 7 19 13 1 12 14 7 19 
7 16 11 6 10 9 13 13 19 20 11 6 13 1 14 14 6 19 
7 16 11 6 10 14 7 13 19 13 11 6 13 1 12 14 18 19 
7 16 11 6 10 9 7 13 19 7 7 6 13 1 17 14 8 19 
7 16 11 6 10 14 13 13 19 20 13 7 13 1 14 14 6 19 
7 16 11 6 10 9 7 13 19 7 11 6 13 1 7 14 6 19 
7 16 11 6 10 9 7 13 19 13 11 6 13 1 12 14 18 19 
7 16 11 6 10 14 7 13 19 7 7 6 13 1 17 14 8 19 
7 16 11 6 10 14 7 13 19 13 11 6 13 1 12 14 18 19 
7 16 11 6 15 14 13 13 19 2 11 6 20 1 19 14 6 19 
7 16 11 6 10 14 13 13 19 13 13 7 13 1 12 14 18 19 
7 16 11 6 7 14 7 13 19 2 11 6 13 1 7 14 6 19 
7 16 11 6 7 14 7 13 19 2 11 6 13 1 7 14 6 19 
7 16 11 6 10 9 7 13 19 13 7 7 13 1 12 14 7 19 
7 16 11 6 10 9 7 13 19 7 7 7 13 1 17 14 8 19 
7 16 11 6 10 14 7 13 19 13 7 6 13 1 17 14 8 19 
7 16 11 6 10 9 7 13 19 13 7 7 13 1 12 14 7 19 
7 16 11 6 10 9 13 13 19 20 11 6 13 1 14 14 6 19 
7 16 11 6 7 9 7 13 19 2 7 7 13 1 12 14 7 19 
7 16 11 6 10 14 7 13 19 7 7 7 13 1 17 14 8 19 
7 16 11 6 10 9 7 13 19 13 7 19 13 1 12 14 7 19 
7 16 11 6 10 14 13 13 19 20 13 7 13 1 14 14 6 19 
7 16 11 6 10 9 13 13 19 7 13 7 13 1 7 14 6 19 
7 16 11 6 10 14 13 13 19 13 13 7 13 1 12 14 18 19 
7 16 11 6 10 14 13 13 19 20 13 2 13 1 14 14 6 19 
7 16 11 6 10 14 13 13 19 20 13 7 13 1 14 14 6 19 
7 16 11 6 10 14 13 13 19 20 13 9 13 1 14 14 6 19 
7 16 11 6 10 9 7 13 19 13 11 6 13 1 12 14 18 19 
7 16 11 6 7 14 13 13 19 2 13 7 13 1 14 14 6 19 
7 16 11 6 10 9 13 13 19 20 7 7 13 1 14 14 8 19 
7 16 11 6 10 14 7 13 19 13 7 7 13 1 12 14 7 19 
7 16 11 6 10 14 13 13 19 13 13 7 13 1 12 14 18 19 
7 16 11 6 10 9 7 13 19 13 7 9 13 1 12 14 7 19 
7 16 11 6 10 14 7 13 19 7 7 6 13 1 17 14 8 19 
7 16 11 6 7 14 7 13 19 2 11 6 13 1 7 14 6 19 
7 16 11 6 10 14 13 13 19 7 13 7 13 1 7 14 6 19 
7 16 11 6 10 9 13 13 19 20 7 6 13 1 14 14 8 19 
7 16 11 6 10 14 7 13 19 13 7 9 13 1 12 14 7 19 
7 16 11 6 7 9 13 13 19 2 13 9 13 1 12 14 18 19 
7 16 11 6 7 14 13 13 19 2 13 9 13 1 14 14 6 19 
7 16 11 6 10 9 7 13 19 7 13 7 13 1 7 14 6 19 
7 16 11 6 10 14 13 13 19 20 11 6 13 1 14 14 6 19 
7 16 11 6 10 14 13 13 19 13 13 7 13 1 12 14 18 19 
7 16 11 6 10 14 7 13 19 7 7 7 13 1 7 14 6 19 
7 16 11 6 10 9 7 13 19 13 7 6 13 1 12 14 7 19 
7 16 11 6 7 9 7 13 19 2 7 6 13 1 14 14 8 19 
7 16 11 6 10 14 13 13 19 7 11 6 13 1 7 14 6 19 
7 16 11 6 10 9 7 13 19 7 7 7 13 1 17 14 8 19 
7 16 11 6 10 9 7 13 19 7 7 9 13 1 12 14 7 19 
7 16 11 6 10 9 13 13 19 20 13 7 13 1 14 14 6 19 
7 16 11 6 10 9 7 13 19 13 7 7 13 1 17 14 8 19 
7 16 11 6 7 9 7 13 19 2 11 6 13 1 7 14 6 19 
7 16 11 6 10 14 13 13 19 20 7 9 13 1 14 14 8 19 
7 16 11 6 7 14 7 13 19 2 11 6 13 1 12 14 18 19 
7 16 11 6 10 9 13 13 19 13 13 12 13 1 12 14 18 19 
7 16 11 6 10 9 7 13 19 7 7 6 13 1 7 14 6 19 
7 16 11 6 10 9 13 13 19 20 11 6 13 1 14 14 6 19 
7 16 11 6 10 14 13 13 19 20 13 7 13 1 14 14 6 19 
7 16 11 6 10 9 13 13 19 20 13 19 13 1 14 14 6 19 
7 16 11 6 10 14 7 13 19 7 11 6 13 1 7 14 6 19 
7 16 11 6 10 9 13 13 19 13 13 19 13 1 12 14 18 19 
7 16 11 6 10 9 13 13 19 20 13 7 13 1 14 14 6 19 
7 16 11 6 10 9 7 13 19 13 7 9 13 1 12 14 7 19 
7 16 11 6 10 9 13 13 19 20 11 6 13 1 14 14 6 19 
7 16 11 6 10 14 13 13 19 7 13 19 13 1 7 14 6 19 
7 16 11 6 7 9 13 13 19 2 13 19 13 1 12 14 18 19 
7 16 11 6 10 9 13 13 19 7 13 7 13 1 7 14 6 19 
7 16 11 6 10 14 7 13 19 13 7 7 13 1 12 14 7 19 
7 16 11 6 10 14 7 13 19 7 7 6 13 1 17 14 8 19 
7 16 11 6 10 14 13 13 19 7 13 7 13 1 7 14 6 19 
7 16 11 6 10 14 7 13 19 7 11 9 13 1 7 14 6 19 
7 16 11 6 10 14 7 13 19 7 7 6 13 1 17 14 8 19 
7 16 11 6 10 14 13 13 19 20 13 19 13 1 14 14 6 19 
7 16 11 6 10 14 7 13 19 7 7 6 13 1 17 14 8 19 
7 16 11 6 10 14 7 13 19 7 7 6 13 1 17 14 8 19 
7 16 11 6 10 9 13 13 19 7 13 7 13 1 7 14 6 19 
7 16 11 6 10 14 20 13 19 13 7 6 13 1 12 14 15 19 
7 16 11 6 10 14 7 13 19 7 11 6 13 1 7 14 6 19 
7 16 11 6 10 9 7 13 19 13 7 6 13 1 12 14 7 19 
7 16 11 6 7 14 7 13 19 2 7 6 13 1 14 14 8 19 
7 16 11 6 10 9 13 13 19 20 13 7 13 1 14 14 6 19 
7 16 11 6 10 14 13 13 19 20 13 7 13 1 14 14 6 19 
7 16 11 6 10 9 13 13 19 20 11 6 13 1 14 14 6 19 
7 16 11 6 7 9 13 13 19 2 13 19 13 1 14 14 6 19 
7 16 11 6 10 14 13 13 19 20 7 6 13 1 14 14 8 19 
7 16 11 6 10 14 7 13 19 13 7 6 13 1 12 14 7 19 
7 16 11 6 10 14 13 13 19 20 13 6 13 1 14 14 6 19 
7 16 11 6 10 9 13 13 19 20 13 7 13 1 14 14 6 19 
7 16 11 6 10 9 13 13 19 20 11 6 13 1 14 14 6 19 
7 16 11 6 10 14 13 13 19 13 13 7 13 1 12 14 18 19 
7 16 11 6 10 14 7 13 19 7 11 6 13 1 7 14 6 19 
7 16 11 6 10 9 13 13 19 20 11 6 13 1 14 14 6 19 
7 16 11 6 10 14 7 13 19 7 7 6 13 1 17 14 8 19 
7 16 11 6 10 9 7 13 19 7 7 6 13 1 17 14 8 19 
7 16 11 6 10 9 7 13 19 7 7 6 13 1 17 14 8 19 
7 16 11 6 10 14 13 13 19 20 11 6 13 1 14 14 6 19 
7 16 11 6 10 9 13 13 19 20 13 7 13 1 14 14 6 19 
7 16 11 6 15 14 14 13 19 2 7 6 20 1 14 14 20 19 
7 16 11 6 7 14 7 13 19 2 11 6 13 1 7 14 6 19 
7 16 11 6 10 9 13 13 19 20 13 7 13 1 14 14 6 19 
7 16 11 6 10 14 7 13 19 7 7 6 13 1 7 14 6 19 
7 16 11 6 10 14 7 13 19 20 11 6 13 1 14 14 4 19 
7 16 11 6 10 9 13 13 19 13 13 2 13 1 12 14 18 19 
7 16 11 6 7 14 7 13 19 2 7 6 13 1 14 14 8 19 
7 16 11 6 10 9 7 13 19 7 7 6 13 1 17 14 8 19 
7 16 11 6 7 14 13 13 19 2 13 7 13 1 12 14 18 19 
7 16 11 6 10 14 7 13 19 7 11 6 13 1 7 14 6 19 
7 16 11 6 10 9 7 13 19 7 7 6 13 1 17 14 8 19 
7 16 11 6 10 9 7 13 19 7 7 7 13 1 17 14 8 19 
7 16 11 6 7 9 7 13 19 2 7 9 13 1 14 14 8 19 
7 16 11 6 7 9 7 13 19 2 7 7 13 1 12 14 7 19 
7 16 11 6 10 9 7 13 19 13 11 6 13 1 17 14 6 19 
7 16 11 6 10 14 7 13 19 13 7 19 13 1 12 14 7 19 
7 16 11 6 10 9 7 13 19 13 7 7 13 1 12 14 7 19 
7 16 11 6 7 14 13 13 19 2 13 9 13 1 14 14 6 19 
7 16 11 6 10 14 13 13 19 13 13 19 13 1 12 14 18 19 
7 16 11 6 10 14 7 13 19 13 7 19 13 1 12 14 7 19 
7 16 11 6 10 14 7 13 19 7 11 7 13 1 7 14 6 19 
7 16 11 6 10 9 13 13 19 13 13 7 13 1 12 14 18 19 
7 16 11 6 7 9 7 13 19 2 7 6 13 1 14 14 8 19 
7 16 11 6 10 9 7 13 19 7 7 7 13 1 17 14 8 19 
7 16 11 6 10 9 7 13 19 7 7 6 13 1 7 14 6 19 
7 16 11 6 10 9 13 13 19 20 7 6 13 1 14 14 8 19 
7 16 11 6 10 14 13 13 19 13 13 7 13 1 12 14 18 19 
7 16 11 6 10 9 13 13 19 13 13 19 13 1 12 14 18 19 
7 16 11 6 10 14 14 13 19 14 7 6 13 1 14 14 20 19 
7 16 11 6 10 9 7 13 19 7 11 9 13 1 7 14 6 19 
7 16 11 6 10 14 7 13 19 13 11 6 13 1 12 14 18 19 
7 16 11 6 10 9 13 13 19 20 7 6 13 1 14 14 8 19 
7 16 11 6 10 14 20 13 19 13 20 6 13 1 12 14 15 19 
7 16 11 6 10 9 7 13 19 7 7 6 13 1 7 14 6 19 
7 16 11 6 10 9 7 13 19 7 7 6 13 1 17 14 8 19 
7 16 11 6 10 14 13 13 19 13 13 7 13 1 17 14 6 19 
7 16 11 6 10 14 13 13 19 20 11 6 13 1 14 14 6 19 
7 16 11 6 10 9 13 13 19 7 13 7 13 1 7 14 6 19 
7 16 11 6 7 14 13 13 19 2 13 7 13 1 14 14 6 19 
7 16 11 6 10 14 7 13 19 7 11 7 13 1 7 14 6 19 
7 16 11 6 10 14 13 13 19 20 7 7 13 1 14 14 8 19 
7 16 11 6 10 9 13 13 19 7 13 6 13 1 7 14 6 19 
7 16 11 6 10 14 7 13 19 7 13 7 13 1 7 14 6 19 
7 16 11 6 10 9 13 13 19 20 11 6 13 1 14 14 6 19 
7 16 11 6 7 14 13 13 19 2 13 19 13 1 14 14 6 19 
7 16 11 6 10 14 13 13 19 7 11 6 13 1 7 14 6 19 
7 16 11 6 7 14 13 13 19 2 13 7 13 1 14 14 6 19 
7 16 11 6 10 14 13 13 19 9 13 9 13 1 12 14 18 19 
7 16 11 6 10 9 7 13 19 13 11 6 13 1 12 14 18 19 
7 16 11 6 10 9 13 13 19 20 7 6 13 1 14 14 8 19 
7 16 11 6 7 14 7 13 19 2 7 6 13 1 14 14 8 19 
7 16 11 6 10 9 7 13 19 13 7 6 13 1 12 14 7 19 
7 16 11 6 10 9 13 13 19 13 13 6 13 1 12 14 18 19 
7 16 11 6 7 14 7 13 19 2 11 6 13 1 7 14 6 19 
7 16 11 6 10 14 13 13 19 20 13 9 13 1 14 14 6 19 
7 16 11 6 10 14 13 13 19 20 13 9 13 1 14 14 6 19 
7 16 11 6 7 9 13 13 19 2 13 7 13 1 14 14 6 19 
7 16 11 6 10 9 13 13 19 13 11 6 13 1 12 14 8 19 
7 16 11 6 7 14 13 13 19 2 13 7 13 1 14 14 6 19 
7 16 11 6 7 14 7 13 19 2 7 6 13 1 14 14 8 19 
7 16 11 6 10 9 7 13 19 13 7 7 13 1 17 14 8 19 
7 16 11 6 7 9 7 13 19 2 11 6 13 1 7 14 6 19 
7 16 11 6 7 9 7 13 19 2 7 7 13 1 14 14 8 19 
7 16 11 6 10 14 13 13 19 20 13 7 13 1 14 14 6 19 
7 16 11 6 7 9 13 13 19 2 13 7 13 1 12 14 18 19 
7 16 11 6 7 14 13 13 19 2 13 19 13 1 12 14 18 19 
7 16 11 6 10 14 7 13 19 13 7 7 13 1 12 14 7 19 
7 16 11 6 7 14 7 13 19 2 11 6 13 1 7 14 6 19 
7 16 11 6 10 9 13 13 19 13 13 7 13 1 12 14 18 19 
7 16 11 6 10 20 7 13 15 9 11 6 20 1 12 14 18 19 
7 16 11 6 10 9 13 13 19 7 13 12 13 1 7 14 6 19 
7 16 11 6 7 14 13 13 19 2 13 7 13 1 14 14 6 19 
7 16 11 6 10 9 7 13 19 7 13 7 13 1 7 14 6 19 
7 16 11 6 10 14 13 13 19 20 13 19 13 1 14 14 6 19 
7 16 11 6 10 14 13 13 19 20 11 6 13 1 14 14 6 19 
7 16 11 6 10 9 7 13 19 13 7 7 13 1 12 14 7 19 
7 16 11 6 10 14 7 13 19 13 7 7 13 1 12 14 7 19 
7 16 11 6 10 9 7 13 19 13 7 7 13 1 12 14 7 19 
7 16 11 6 10 9 13 13 19 20 13 7 13 1 14 14 6 19 
7 16 11 6 10 14 7 13 19 7 7 7 13 1 17 14 8 19 
7 16 11 6 10 14 7 13 19 13 7 7 13 1 12 14 7 19 
7 16 11 6 7 9 7 13 19 2 11 6 13 1 7 14 6 19 
7 16 11 6 10 14 14 13 19 14 7 6 13 1 14 14 20 19 
7 16 11 6 7 9 7 13 19 2 7 6 13 1 12 14 7 19 
7 16 11 6 10 14 7 13 19 7 11 6 13 1 7 14 6 19 
7 16 11 6 10 14 7 13 19 13 7 6 13 1 12 14 7 19 
7 16 11 6 10 14 13 13 19 20 7 7 13 1 14 14 8 19 
7 16 11 6 10 14 13 13 19 20 7 6 13 1 14 14 8 19 
7 16 11 6 10 9 13 13 19 7 11 6 13 1 7 14 6 19 
7 16 11 6 10 14 7 13 19 7 7 6 13 1 17 14 8 19 
7 16 11 6 10 14 13 13 19 7 11 6 13 1 7 14 6 19 
7 16 11 6 10 9 7 13 19 13 7 6 13 1 17 14 8 19 
7 16 11 6 10 14 13 13 19 20 7 9 13 1 14 14 8 19 
7 16 11 6 10 14 13 13 19 20 13 9 13 1 14 14 6 19 
7 16 11 6 10 9 13 13 19 13 13 2 13 1 12 14 18 19 
7 16 11 6 10 9 14 13 19 14 7 6 13 1 14 14 20 19 
7 16 11 6 7 14 7 13 19 2 11 6 13 1 7 14 6 19 
7 16 11 6 10 9 7 13 19 13 7 7 13 1 17 14 8 19 
7 16 11 6 7 14 13 13 19 2 13 7 13 1 14 14 6 19 
7 16 11 6 10 9 13 13 19 20 13 7 13 1 14 14 6 19 
7 16 11 6 10 14 13 13 19 7 13 7 13 1 7 14 6 19 
7 16 11 6 7 9 13 13 19 2 13 6 13 1 14 14 6 19 
7 16 11 6 7 9 13 13 19 2 13 7 13 1 14 14 6 19 
7 16 11 6 10 9 7 13 19 7 7 6 13 1 7 14 6 19 
7 16 11 6 10 9 7 13 19 13 7 6 13 1 12 14 7 19 
7 16 11 6 10 9 13 13 19 20 13 6 13 1 14 14 6 19 
7 16 11 6 10 9 7 13 19 7 7 19 13 1 7 14 6 19 
7 16 11 6 10 14 13 13 19 20 7 7 13 1 14 14 8 19 
7 16 11 6 10 9 13 13 19 7 13 19 13 1 7 14 6 19 
7 16 11 6 10 14 7 13 19 7 7 6 13 1 17 14 8 19 
7 16 12 6 4 14 7 13 19 2 11 6 13 1 14 14 6 19 
7 16 11 6 10 14 7 13 19 7 13 7 13 1 7 14 6 19 
7 16 11 6 10 9 7 13 19 7 7 6 13 1 17 14 8 19 
7 16 11 6 10 9 7 13 19 13 11 6 13 1 12 14 18 19 
7 16 11 6 7 14 13 13 19 2 13 7 13 1 14 14 6 19 
7 16 11 6 10 14 7 13 19 13 7 6 13 1 12 14 7 19 
7 16 11 6 10 9 13 13 19 20 7 6 13 1 14 14 8 19 
7 16 11 6 7 9 7 13 19 2 11 6 13 1 7 14 6 19 
7 16 11 6 10 9 13 13 19 20 13 7 13 1 14 14 6 19 
7 16 11 6 10 9 13 13 19 13 13 7 13 1 12 14 18 19 
7 16 11 6 10 9 7 13 19 13 7 6 13 1 12 14 7 19 
7 16 11 6 10 14 13 13 19 20 13 7 13 1 14 14 6 19 
7 16 11 6 10 14 13 13 19 20 7 6 13 1 14 14 8 19 
7 16 11 6 10 14 13 13 19 20 13 7 13 1 14 14 6 19 
7 16 11 6 10 14 7 13 19 7 11 7 13 1 7 14 6 19 
7 16 11 6 10 14 7 13 19 7 11 6 13 1 7 14 6 19 
7 16 11 6 7 14 7 13 19 2 11 6 13 1 7 14 6 19 
7 16 11 6 7 9 7 13 19 2 11 6 13 1 7 14 6 19 
7 16 11 6 10 9 13 13 19 20 7 7 13 1 14 14 8 19 
7 16 11 6 7 9 7 13 19 2 11 6 13 1 7 14 6 19 
7 16 11 6 10 9 14 13 19 14 7 6 13 1 14 14 20 19 
7 16 11 6 10 14 13 13 19 13 13 7 13 1 12 14 18 19 
7 16 11 6 10 9 7 13 19 13 7 6 13 1 12 14 7 19 
7 16 11 6 7 9 7 13 19 2 11 6 13 1 7 14 6 19 
7 16 11 6 10 9 13 13 19 20 11 6 13 1 14 14 6 19 
7 16 11 6 10 14 13 13 19 20 11 6 13 1 14 14 6 19 
7 16 11 6 10 9 13 13 19 13 13 19 13 1 12 14 18 19 
7 16 11 6 7 9 7 13 15 2 11 6 20 1 7 14 6 19 
7 16 11 6 10 14 13 13 19 20 11 6 13 1 14 14 6 19 
7 16 11 6 10 9 7 13 19 13 7 7 13 1 12 14 7 19 
7 16 11 6 7 14 13 13 19 2 13 7 13 1 12 14 18 19 
7 16 11 6 10 9 7 13 19 7 7 6 13 1 17 14 8 19 
7 16 11 6 10 14 13 13 19 7 13 7 13 1 7 14 6 19 
7 16 11 6 10 14 13 13 19 20 11 6 13 1 14 14 6 19 
7 16 11 6 10 9 13 13 19 13 13 2 13 1 12 14 18 19 
7 16 11 6 10 14 13 13 19 13 13 7 13 1 12 14 18 19 
7 16 11 6 10 9 13 13 19 13 13 6 13 1 17 14 6 19 
7 16 11 6 10 9 7 13 19 13 11 6 13 1 12 14 18 19 
7 16 11 6 7 9 7 13 19 2 11 6 13 1 7 14 6 19 
7 16 11 6 10 9 7 13 19 13 7 6 13 1 12 14 7 19 
7 16 11 6 10 9 13 13 19 20 7 7 13 1 14 14 8 19 
7 16 11 6 10 14 13 13 19 7 11 6 13 1 7 14 6 19 
7 16 11 6 10 14 13 13 19 20 13 9 13 1 14 14 6 19 
7 16 11 6 10 14 7 13 19 13 7 6 13 1 12 14 7 19 
7 16 11 6 10 14 13 13 19 13 13 7 13 1 12 14 18 19 
7 16 11 6 7 14 7 13 19 2 11 6 13 1 7 14 6 19 
7 16 11 6 10 9 13 13 19 20 7 6 13 1 14 14 8 19 
7 16 11 6 10 9 7 13 19 7 7 6 13 1 17 14 8 19 
7 16 11 6 10 9 13 13 19 20 11 6 13 1 14 14 6 19 
7 16 11 6 10 14 13 13 19 20 13 7 13 1 14 14 6 19 
7 16 11 6 10 14 7 13 19 7 11 7 13 1 7 14 6 19 
7 16 11 6 10 9 13 13 19 13 13 9 13 1 12 14 18 19 
7 16 11 6 15 14 14 13 19 2 7 6 20 1 14 14 20 19 
7 16 11 6 10 14 14 13 19 14 7 6 13 1 14 14 20 19 
7 16 11 6 10 9 13 13 19 20 11 6 13 1 14 14 6 19 
7 16 11 6 10 9 13 13 19 20 7 7 13 1 14 14 8 19 
7 16 11 6 10 14 13 13 19 20 11 6 13 1 14 14 6 19 
7 16 11 6 7 9 7 13 19 2 7 6 13 1 14 14 8 19 
7 16 11 6 10 9 7 13 19 13 7 7 13 1 12 14 7 19 
7 16 11 6 10 14 7 13 19 7 7 6 13 1 17 14 8 19 
7 16 11 6 10 9 13 13 19 13 13 7 13 1 12 14 18 19 
7 16 11 6 10 14 7 13 19 13 7 19 13 1 12 14 7 19 
7 16 11 6 10 9 7 13 19 13 11 6 13 1 12 14 18 19 
7 16 11 6 10 14 7 13 19 13 7 7 13 1 12 14 7 19 
7 16 11 6 10 9 13 13 19 20 7 6 13 1 14 14 8 19 
7 16 11 6 10 9 13 13 19 13 13 6 13 1 12 14 18 19 
7 16 11 6 10 9 7 13 19 13 7 7 13 1 12 14 7 19 
7 16 11 6 10 14 7 13 19 13 7 7 13 1 12 14 7 19 
7 16 11 6 10 9 13 13 19 20 7 6 13 1 14 14 8 19 
7 16 11 6 10 9 13 13 19 20 11 6 13 1 14 14 6 19 
7 16 11 6 10 9 13 13 19 20 11 6 13 1 14 14 6 19 
7 16 11 6 10 9 13 13 19 13 13 12 13 1 17 14 6 19 
7 16 11 6 10 9 13 13 19 20 13 19 13 1 14 14 6 19 
7 16 11 6 7 14 13 13 19 2 13 7 13 1 14 14 6 19 
7 16 11 6 7 14 7 13 19 2 11 6 13 1 12 14 18 19 
7 16 11 6 10 9 13 13 19 13 13 7 13 1 12 14 18 19 
7 16 11 6 10 9 7 13 19 13 7 19 13 1 12 14 7 19 
7 16 11 6 10 9 13 13 19 13 13 7 13 1 12 14 18 19 
7 16 11 6 10 9 7 13 19 7 13 9 13 1 7 14 6 19 
7 16 11 6 10 14 13 13 19 20 7 9 13 1 14 14 8 19 
7 16 11 6 7 14 13 13 19 2 13 6 13 1 14 14 6 19 
7 16 11 6 10 14 13 13 19 7 13 19 13 1 7 14 6 19 
7 16 11 6 10 9 7 13 19 7 7 6 13 1 17 14 8 19 
7 16 11 6 7 9 13 13 19 2 13 7 13 1 12 14 18 19 
7 16 11 6 10 9 7 13 19 13 11 6 13 1 12 14 18 19 
7 16 11 6 10 14 7 13 19 13 7 6 13 1 12 14 7 19 
7 16 11 6 10 9 13 13 19 13 13 7 13 1 12 14 18 19 
7 16 11 6 10 9 13 13 19 13 13 7 13 1 12 14 18 19 
7 16 11 6 10 14 7 13 19 7 11 6 13 1 7 14 6 19 
7 16 11 6 7 14 7 13 19 2 7 6 13 1 14 14 8 19 
7 16 11 6 10 14 7 13 19 7 7 6 13 1 7 14 6 19 
7 16 11 6 7 9 7 13 19 2 11 6 13 1 12 14 18 19 
7 16 11 6 10 14 13 13 19 20 7 6 13 1 14 14 8 19 
7 16 11 6 7 14 7 13 19 2 7 6 13 1 12 14 7 19 
7 16 11 6 10 9 13 13 19 20 13 7 13 1 14 14 6 19 
7 16 11 6 10 14 7 13 19 13 7 7 13 1 12 14 7 19 
7 16 11 6 10 14 13 13 19 20 7 6 13 1 14 14 8 19 
7 16 11 6 10 9 7 13 19 7 11 6 13 1 7 14 6 19 
7 16 11 6 7 9 13 13 19 2 13 2 13 1 14 14 6 19 
7 16 11 6 10 9 13 13 19 20 13 7 13 1 14 14 6 19 
7 16 11 6 10 9 13 13 19 13 13 9 13 1 12 14 18 19 
7 16 11 6 10 14 7 13 19 13 11 6 13 1 12 14 18 19 
7 16 11 6 10 14 7 13 19 7 11 6 13 1 7 14 6 19 
7 16 11 6 10 14 13 13 19 20 13 7 13 1 14 14 6 19 
7 16 11 6 10 9 7 13 19 7 7 7 13 1 17 14 8 19 
7 16 11 6 10 14 7 13 19 7 11 6 13 1 7 14 6 19 
7 16 11 6 10 9 7 13 19 13 11 6 13 1 12 14 18 19 
7 16 11 6 7 14 7 13 19 2 11 6 13 1 7 14 6 19 
7 16 11 6 10 9 13 13 19 20 11 6 13 1 14 14 6 19 
7 16 11 6 10 14 7 13 19 13 7 7 13 1 17 14 8 19 
7 16 11 6 10 14 7 13 19 7 7 6 13 1 17 14 8 19 
7 16 11 6 7 14 7 13 19 2 11 7 13 1 7 14 6 19 
7 16 11 6 7 14 7 13 19 2 11 6 13 1 7 14 6 19 
7 16 11 6 10 14 13 13 19 20 13 9 13 1 14 14 6 19 
7 16 11 6 10 14 7 13 19 13 7 6 13 1 12 14 7 19 
7 16 11 6 10 14 13 13 19 20 11 6 13 1 14 14 6 19 
7 16 11 6 10 14 7 13 19 7 7 6 13 1 7 14 6 19 
7 16 11 6 7 14 7 13 19 2 7 7 13 1 14 14 8 19 
7 16 11 6 10 9 7 13 19 13 11 6 13 1 12 14 18 19 
7 16 11 6 10 14 7 13 19 13 11 6 13 1 12 14 18 19 
7 16 11 6 10 9 13 13 19 20 7 6 13 1 14 14 8 19 
7 16 11 6 7 14 7 13 19 2 11 6 13 1 7 14 6 19 
7 16 11 6 7 9 13 13 19 2 13 7 13 1 14 14 6 19 
7 16 11 6 10 9 7 13 19 13 7 2 13 1 12 14 7 19 
7 16 11 6 7 14 13 13 19 2 13 7 13 1 14 14 6 19 
7 16 11 6 10 9 13 13 19 20 13 7 13 1 14 14 6 19 
7 16 11 6 10 14 7 13 19 7 7 6 13 1 17 14 8 19 
7 16 11 6 10 14 7 13 19 13 7 7 13 1 12 14 7 19 
7 16 11 6 10 14 7 13 19 13 7 9 13 1 12 14 7 19 
7 16 11 6 10 14 13 13 19 20 11 6 13 1 14 14 6 19 
7 16 11 6 10 9 7 13 19 13 11 6 13 1 12 14 18 19 
7 16 11 6 10 9 13 13 19 13 13 7 13 1 12 14 18 19 
7 16 11 6 10 9 7 13 19 13 7 6 13 1 17 14 8 19 
7 16 11 6 10 14 7 13 19 7 7 7 13 1 17 14 8 19 
7 16 11 6 10 9 13 13 19 20 13 9 13 1 14 14 6 19 
7 16 11 6 10 9 13 13 19 20 13 19 13 1 14 14 6 19 
7 16 11 6 10 14 7 13 19 13 7 6 13 1 12 14 7 19 
7 16 11 6 10 14 13 13 19 20 13 7 13 1 14 14 6 19 
7 16 11 6 10 9 7 13 19 13 11 6 13 1 12 14 18 19 
7 16 11 6 7 9 7 13 19 2 11 7 13 1 7 14 6 19 
7 16 11 6 10 14 7 13 19 13 7 6 13 1 12 14 7 19 
7 16 11 6 10 9 7 13 19 7 7 7 13 1 17 14 8 19 
7 16 11 6 10 14 13 13 19 20 13 2 13 1 14 14 6 19 
7 16 11 6 7 14 7 13 19 2 7 6 13 1 14 14 8 19 
7 16 11 6 10 9 7 13 19 7 7 7 13 1 17 14 8 19 
7 16 11 6 10 9 13 13 19 7 13 6 13 1 7 14 6 19 
7 16 11 6 10 9 13 13 19 13 13 7 13 1 17 14 6 19 
7 16 11 6 7 9 13 13 19 2 13 7 13 1 12 14 18 19 
7 16 11 6 7 14 7 13 19 2 11 6 13 1 7 14 6 19 
7 16 11 6 10 14 7 13 19 13 7 7 13 1 12 14 7 19 
7 16 11 6 10 9 7 13 19 13 7 9 13 1 12 14 7 19 
7 16 11 6 7 9 13 13 19 2 13 2 13 1 14 14 6 19 
7 16 11 6 10 9 13 13 19 20 13 7 13 1 14 14 6 19 
7 16 11 6 7 9 7 13 19 2 11 6 13 1 7 14 6 19 
7 16 11 6 10 14 7 13 19 7 11 6 13 1 7 14 6 19 
7 16 11 6 10 14 7 13 19 13 7 7 13 1 12 14 7 19 
7 16 11 6 10 14 7 13 19 13 7 19 13 1 12 14 7 19 
7 16 11 6 10 14 7 13 19 13 7 7 13 1 12 14 7 19 
7 16 11 6 10 14 13 13 19 20 7 9 13 1 14 14 8 19 
7 16 11 6 7 9 13 13 19 2 13 7 13 1 14 14 6 19 
7 16 11 6 10 14 7 13 19 13 7 9 13 1 12 14 7 19 
7 16 11 6 10 14 13 13 19 20 7 6 13 1 14 14 8 19 
7 16 11 6 7 9 7 13 19 2 11 9 13 1 7 14 6 19 
7 16 11 6 7 9 7 13 19 2 11 6 13 1 7 14 6 19 
7 16 11 6 10 9 7 13 19 7 11 6 13 1 7 14 6 19 
7 16 11 6 10 9 13 13 19 20 13 7 13 1 14 14 6 19 
7 16 11 6 10 14 13 13 19 13 13 7 13 1 12 14 18 19 
7 16 11 6 10 9 7 13 19 13 7 7 13 1 12 14 7 19 
7 16 11 6 10 9 13 13 19 20 11 6 13 1 14 14 6 19 
7 16 11 6 10 9 13 13 19 13 13 9 13 1 12 14 18 19 
7 16 11 6 10 14 13 13 19 13 20 6 13 1 12 14 17 19 
7 16 11 6 10 14 7 13 19 13 7 19 13 1 12 14 7 19 
7 16 11 6 10 14 7 13 19 7 7 19 13 1 17 14 8 19 
7 16 11 6 7 9 13 13 19 2 13 7 13 1 14 14 6 19 
7 16 11 6 10 9 7 13 19 7 7 7 13 1 17 14 8 19 
7 16 11 6 10 9 13 13 19 13 13 7 13 1 12 14 18 19 
7 16 11 6 10 14 13 13 19 20 7 6 13 1 14 14 8 19 
7 16 11 6 10 14 7 13 19 13 7 19 13 1 12 14 7 19 
7 16 11 6 10 9 13 13 19 20 13 7 13 1 14 14 6 19 
7 16 11 6 7 9 7 13 19 2 11 6 13 1 7 14 6 19 
7 16 11 6 10 14 7 13 19 13 7 7 13 1 12 14 7 19 
7 16 11 6 10 9 7 13 19 7 7 9 13 1 17 14 8 19 
7 16 11 6 7 14 7 13 19 2 11 6 13 1 7 14 6 19 
7 16 11 6 10 14 13 13 19 13 13 7 13 1 12 14 18 19 
7 16 11 6 7 9 13 13 19 2 13 7 13 1 12 14 18 19 
7 16 11 6 10 9 13 13 19 20 13 7 13 1 14 14 6 19 
7 16 11 6 10 9 7 13 19 13 7 19 13 1 12 14 7 19 
7 16 11 6 10 14 13 13 19 20 13 7 13 1 14 14 6 19 
7 16 11 6 10 14 7 13 19 13 11 6 13 1 12 14 18 19 
7 16 11 6 10 14 13 13 19 20 7 7 13 1 14 14 8 19 
7 16 11 6 10 9 20 13 19 13 7 6 13 1 12 14 15 19 
7 16 11 6 10 14 7 13 19 13 7 9 13 1 12 14 7 19 
7 16 11 6 10 9 7 13 19 7 11 6 13 1 7 14 6 19 
7 16 11 6 10 14 7 13 19 13 7 6 13 1 12 14 7 19 
7 16 11 6 10 14 13 13 19 13 13 19 13 1 12 14 18 19 
7 16 11 6 10 9 7 13 19 13 7 6 13 1 12 14 7 19 
7 16 11 6 10 14 13 13 19 20 13 9 13 1 14 14 6 19 
7 16 11 6 7 14 7 13 19 2 11 6 13 1 7 14 6 19 
7 16 11 6 10 9 13 13 19 20 13 7 13 1 14 14 6 19 
7 16 11 6 10 9 7 13 19 13 11 6 13 1 12 14 18 19 
7 16 11 6 10 9 7 13 19 13 11 6 13 1 12 14 18 19 
7 16 11 6 7 14 13 13 19 2 13 7 13 1 14 14 6 19 
7 16 11 6 10 14 13 13 19 7 13 7 13 1 7 14 6 19 
7 16 11 6 7 9 7 13 19 2 7 6 13 1 14 14 8 19 
7 16 11 6 10 14 7 13 19 13 11 6 13 1 17 14 6 19 
7 16 11 6 10 9 7 13 19 7 11 7 13 1 7 14 6 19 
7 16 11 6 7 9 13 13 19 2 13 7 13 1 14 14 6 19 
7 16 11 6 10 14 7 13 19 7 7 7 13 1 17 14 8 19 
7 16 11 6 10 14 7 13 19 13 7 9 13 1 12 14 7 19 
7 16 11 6 10 9 7 13 19 13 7 6 13 1 17 14 8 19 
7 16 11 6 10 9 7 13 19 13 11 6 13 1 12 14 18 19 
7 16 11 6 10 14 13 13 19 20 13 19 13 1 14 14 6 19 
7 16 11 6 10 9 13 13 19 20 13 7 13 1 14 14 6 19 
7 16 11 6 10 14 13 13 19 20 11 6 13 1 14 14 6 19 
7 16 11 6 7 9 7 13 19 2 7 7 13 1 14 14 8 19 
7 16 11 6 10 14 13 13 19 20 13 7 13 1 14 14 6 19 
7 16 11 6 10 14 13 13 19 20 13 12 13 1 14 14 6 19 
7 16 11 6 10 14 13 13 19 20 11 6 13 1 14 14 6 19 
7 16 11 6 10 14 13 13 19 20 13 19 13 1 14 14 6 19 
7 16 11 6 10 14 7 13 19 7 11 2 13 1 7 14 6 19 
7 16 11 6 10 9 7 13 19 7 7 6 13 1 17 14 8 19 
7 16 11 6 7 14 7 13 19 2 11 6 13 1 7 14 6 19 
7 16 11 6 10 9 13 13 19 13 13 7 13 1 12 14 18 19 
7 16 11 6 10 14 7 13 19 7 11 6 13 1 7 14 6 19 
7 16 11 6 10 14 7 13 19 7 7 6 13 1 17 14 8 19 
7 16 11 6 7 14 7 13 19 2 11 6 13 1 7 14 6 19 
7 16 11 6 10 14 13 13 19 20 7 6 13 1 14 14 8 19 
7 16 11 6 10 14 7 13 19 13 7 7 13 1 12 14 7 19 
7 16 11 6 10 9 7 13 19 7 13 7 13 1 7 14 6 19 
7 16 11 6 10 14 13 13 19 13 13 19 13 1 12 14 18 19 
7 16 11 6 10 9 13 13 19 20 7 6 13 1 14 14 8 19 
7 16 11 6 7 14 7 13 19 2 11 6 13 1 12 14 18 19 
7 16 11 6 10 9 13 13 19 13 13 7 13 1 12 14 18 19 
7 16 11 6 10 9 7 13 19 7 7 7 13 1 17 14 8 19 
7 16 11 6 10 14 7 13 19 7 7 6 13 1 17 14 8 19 
7 16 11 6 10 20 7 13 15 7 11 6 20 1 7 14 6 19 
7 16 11 6 10 14 7 13 19 7 7 6 13 1 7 14 6 19 
7 16 11 6 10 14 7 13 19 13 7 6 13 1 12 14 7 19 
7 16 11 6 10 9 7 13 19 7 11 12 13 1 7 14 6 19 
7 16 11 6 10 9 7 13 19 13 7 6 13 1 12 14 7 19 
7 16 11 6 10 9 7 13 19 7 7 7 13 1 17 14 8 19 
7 16 11 6 7 9 13 13 19 2 13 19 13 1 14 14 6 19 
7 16 11 6 10 9 13 13 19 20 13 7 13 1 14 14 6 19 
7 16 11 6 10 9 7 13 19 13 7 7 13 1 12 14 7 19 
7 16 11 6 10 9 7 13 19 13 11 6 13 1 12 14 18 19 
7 16 11 6 10 14 13 13 19 20 13 7 13 1 14 14 6 19 
7 16 11 6 10 14 13 13 19 20 13 7 13 1 14 14 6 19 
7 16 11 6 10 14 7 13 19 13 11 6 13 1 12 14 18 19 
7 16 11 6 10 9 13 13 19 20 11 6 13 1 14 14 6 19 
7 16 11 6 10 14 13 13 19 20 13 7 13 1 14 14 6 19 
7 16 11 6 10 9 13 13 19 7 13 7 13 1 7 14 6 19 
7 16 11 6 10 14 7 13 19 13 7 6 13 1 12 14 7 19 
7 16 11 6 10 9 7 13 19 13 7 19 13 1 12 14 7 19 
7 16 11 6 10 14 7 13 19 7 7 7 13 1 17 14 8 19 
7 16 11 6 10 9 13 13 19 7 13 7 13 1 7 14 6 19 
7 16 11 6 10 9 13 13 19 13 13 7 13 1 12 14 18 19 
7 16 11 6 7 14 7 13 19 2 11 6 13 1 7 14 6 19 
7 16 11 6 10 14 13 13 19 20 11 6 13 1 14 14 6 19 
7 16 11 6 10 9 13 13 19 13 13 7 13 1 12 14 18 19 
7 16 11 6 10 9 7 13 19 13 7 12 13 1 12 14 7 19 
7 16 11 6 10 14 7 13 19 7 11 6 13 1 7 14 6 19 
7 16 11 6 10 9 7 13 19 13 11 6 13 1 12 14 18 19 
7 16 11 6 10 14 13 13 19 13 13 7 13 1 17 14 6 19 
7 16 11 6 10 14 13 13 19 13 13 9 13 1 12 14 18 19 
7 16 11 6 10 9 13 13 19 13 13 19 13 1 12 14 18 19 
7 16 11 6 7 14 7 13 19 2 11 6 13 1 7 14 6 19 
7 16 11 6 10 9 7 13 19 13 7 6 13 1 12 14 7 19 
7 16 11 6 7 9 13 13 19 2 13 7 13 1 14 14 6 19 
7 16 11 6 10 14 7 13 19 13 7 19 13 1 12 14 7 19 
7 16 11 6 7 9 7 13 19 2 11 6 13 1 7 14 6 19 
7 16 11 6 7 14 13 13 19 2 13 7 13 1 12 14 18 19 
7 16 11 6 10 14 13 13 19 7 13 7 13 1 7 14 6 19 
7 16 11 6 10 9 13 13 19 20 13 9 13 1 14 14 6 19 
7 16 11 6 10 14 7 13 19 13 11 6 13 1 12 14 18 19 
7 16 11 6 10 14 13 13 19 20 13 12 13 1 14 14 6 19 
7 16 11 6 10 14 7 13 19 13 7 2 13 1 12 14 7 19 
7 16 11 6 7 9 7 13 19 2 11 7 13 1 7 14 6 19 
7 16 11 6 10 14 13 13 19 13 11 6 13 1 12 14 8 19 
7 16 11 6 7 14 13 13 19 2 13 7 13 1 12 14 18 19 
7 16 11 6 7 14 7 13 19 2 7 6 13 1 14 14 8 19 
7 16 11 6 7 14 7 13 19 2 7 6 13 1 14 14 8 19 
7 16 11 6 10 14 7 13 19 7 13 7 13 1 7 14 6 19 
7 16 11 6 10 9 13 13 19 13 13 7 13 1 12 14 18 19 
7 16 11 6 10 9 7 13 19 13 7 19 13 1 12 14 7 19 
7 16 11 6 10 14 7 13 19 7 7 6 13 1 7 14 6 19 
7 16 11 6 10 14 7 13 19 13 7 9 13 1 12 14 7 19 
7 16 11 6 10 14 13 13 19 13 13 7 13 1 12 14 18 19 
7 16 11 6 10 14 13 13 19 7 13 7 13 1 7 14 6 19 
7 16 11 6 10 9 7 13 19 13 7 12 13 1 12 14 7 19 
7 16 11 6 10 14 7 13 19 7 7 6 13 1 17 14 8 19 
7 16 11 6 10 14 7 13 19 13 11 6 13 1 12 14 18 19 
7 16 11 6 10 9 7 13 19 7 7 6 13 1 7 14 6 19 
7 16 11 6 10 14 13 13 19 20 13 6 13 1 14 14 6 19 
7 16 11 6 7 9 13 13 19 2 13 19 13 1 14 14 6 19 
7 16 11 6 10 14 7 13 19 7 7 6 13 1 17 14 8 19 
7 16 11 6 10 9 13 13 19 20 11 6 13 1 14 14 6 19 
7 16 11 6 10 14 13 13 19 20 11 6 13 1 14 14 6 19 
7 16 11 6 7 14 7 13 19 2 11 6 13 1 12 14 18 19 
7 16 11 6 7 9 7 13 19 2 11 6 13 1 7 14 6 19 
7 16 11 6 10 14 13 13 19 13 13 7 13 1 12 14 18 19 
7 16 11 6 7 14 13 13 19 2 13 7 13 1 14 14 6 19 
7 16 11 6 10 14 14 13 19 14 7 6 13 1 14 14 20 19 
7 16 11 6 10 9 13 13 19 20 13 19 13 1 14 14 6 19 
7 16 11 6 10 14 7 13 19 13 7 6 13 1 12 14 7 19 
7 16 11 6 10 9 7 13 19 7 11 6 13 1 7 14 6 19 
7 16 11 6 7 14 13 13 19 2 13 9 13 1 14 14 6 19 
7 16 11 6 10 14 13 13 19 20 13 7 13 1 14 14 6 19 
7 16 11 6 10 9 7 13 19 7 7 7 13 1 17 14 8 19 
7 16 11 6 10 9 13 13 19 13 13 12 13 1 12 14 18 19 
7 16 11 6 10 9 13 13 19 13 13 19 13 1 17 14 6 19 
7 16 11 6 10 14 7 13 19 13 7 7 13 1 12 14 7 19 
7 16 11 6 10 14 7 13 19 13 7 7 13 1 12 14 7 19 
7 16 11 6 10 14 7 13 19 7 7 6 13 1 17 14 8 19 
7 16 11 6 10 14 13 13 19 20 7 19 13 1 14 14 8 19 
7 16 11 6 10 14 7 13 19 7 11 6 13 1 7 14 6 19 
7 16 11 6 10 9 7 13 19 7 13 6 13 1 7 14 6 19 
7 16 11 6 7 9 7 13 19 2 11 6 13 1 12 14 18 19 
7 16 11 6 10 9 7 13 19 13 7 12 13 1 12 14 7 19 
7 16 11 6 7 14 7 13 19 2 11 6 13 1 7 14 6 19 
7 16 11 6 10 20 7 13 15 9 11 6 20 1 12 14 18 19 
7 16 11 6 10 14 7 13 19 13 7 6 13 1 12 14 7 19 
7 16 11 6 7 9 7 13 19 2 7 6 13 1 12 14 7 19 
7 16 11 6 10 9 13 13 19 20 13 9 13 1 14 14 6 19 
7 16 11 6 10 14 7 13 19 7 11 6 13 1 7 14 6 19 
7 16 11 6 7 9 13 13 19 2 13 7 13 1 14 14 6 19 
7 16 11 6 10 9 7 13 19 7 11 6 13 1 7 14 6 19 
7 16 11 6 10 14 13 13 19 20 13 7 13 1 14 14 6 19 
7 16 11 6 7 9 13 13 19 2 13 9 13 1 14 14 6 19 
7 16 11 6 7 14 13 13 19 2 13 6 13 1 12 14 18 19 
7 16 11 6 10 14 13 13 19 20 13 9 13 1 14 14 6 19 
7 16 11 6 7 9 7 13 19 2 7 6 13 1 14 14 8 19 
7 16 11 6 10 9 13 13 19 20 7 7 13 1 14 14 8 19 
7 16 11 6 10 14 13 13 19 20 13 7 13 1 14 14 6 19 
7 16 11 6 7 9 13 13 19 2 13 9 13 1 14 14 6 19 
7 16 11 6 10 14 13 13 19 13 13 7 13 1 12 14 18 19 
7 16 11 6 10 9 13 13 19 20 11 6 13 1 14 14 6 19 
7 16 11 6 10 9 7 13 19 7 11 6 13 1 7 14 6 19 
7 16 11 6 7 9 7 13 19 2 7 6 13 1 12 14 7 19 
7 16 11 6 7 14 13 13 19 2 13 7 13 1 14 14 6 19 
7 16 11 6 7 14 7 13 19 2 11 6 13 1 7 14 6 19 
7 16 11 6 7 9 7 13 19 2 7 6 13 1 14 14 8 19 
7 16 11 6 10 9 13 13 19 13 13 19 13 1 12 14 18 19 
7 16 11 6 10 14 7 13 19 7 11 6 13 1 7 14 6 19 
7 16 11 6 10 9 7 13 19 7 13 7 13 1 7 14 6 19 
7 16 11 6 10 9 7 13 19 7 13 7 13 1 7 14 6 19 
7 16 11 6 10 14 13 13 19 20 13 7 13 1 14 14 6 19 
7 16 11 6 10 9 7 13 19 13 11 6 13 1 12 14 18 19 
7 16 11 6 10 9 13 13 19 7 13 7 13 1 7 14 6 19 
7 16 11 6 10 9 13 13 19 20 11 6 13 1 14 14 6 19 
7 16 11 6 10 14 7 13 19 7 7 7 13 1 17 14 8 19 
7 16 11 6 10 9 13 13 19 7 11 6 13 1 7 14 6 19 
7 16 11 6 10 14 7 13 19 7 11 6 13 1 7 14 6 19 
7 16 11 6 10 14 7 13 19 7 11 6 13 1 7 14 6 19 
7 16 11 6 10 9 7 13 19 13 7 6 13 1 12 14 7 19 
7 16 11 6 10 14 13 13 19 13 13 19 13 1 12 14 18 19 
7 16 11 6 10 14 14 13 19 14 7 6 13 1 14 14 20 19 
7 16 11 6 10 14 7 13 19 13 7 7 13 1 12 14 7 19 
7 16 11 6 10 14 7 13 19 13 7 6 13 1 12 14 7 19 
7 16 11 6 7 9 13 13 19 2 13 7 13 1 14 14 6 19 
7 16 11 6 10 9 13 13 19 20 13 7 13 1 14 14 6 19 
7 16 11 6 10 14 7 13 19 7 11 6 13 1 7 14 6 19 
7 16 11 6 10 9 7 13 19 7 13 7 13 1 7 14 6 19 
7 16 11 6 7 9 7 13 19 2 11 6 13 1 7 14 6 19 
